14
80	202	167	1	0	1	6.72112
89	202	169	0	1	1	6.8609
101	204	171	1	0	1	6.93893
155	199	170	0	1	1	6.72192
186	216	152	2	0	0	6.82571
235	204	173	0	1	1	6.9857
115	201	179	0	2	0	6.99571
100	181	198	0	0	1	6.52944
146	183	201	0	2	0	7.10213
231	185	202	1	1	0	7.20777
258	179	202	2	0	0	7.55925
217	167	121	1	0	1	5.98987
23	168	124	0	0	2	5.99595
17	167	124	1	1	0	5.85573

nv	9	9	9

Vehicles departing from depots at the previous stage:
217	167	121	1	0	1	5.98987
23	168	124	0	0	2	5.99595
17	167	124	1	1	0	5.85573
