14
46	175	199	0	1	1	7.56943
233	165	187	0	0	2	7.42994
227	166	206	1	0	1	7.53873
110	176	229	1	0	1	8.146
40	173	228	1	0	1	8.17252
223	211	234	0	2	0	8.36409
45	213	232	0	1	1	8.37929
68	213	235	2	0	0	8.37511
269	215	232	2	0	0	8.48837
38	211	239	0	1	1	8.42388
216	212	238	0	1	1	8.3877
146	183	201	0	2	0	7.10213
231	185	202	0	1	0	7.20777
258	179	202	2	0	0	7.55925

nv	9	9	9

Vehicles departing from depots at the previous stage:
146	183	201	0	2	0	7.10213
231	185	202	0	1	0	7.20777
258	179	202	2	0	0	7.55925
