14
51	209	216	0	1	1	8.13849
73	175	177	0	1	1	8.09904
240	184	198	1	1	0	8.0274
235	246	177	1	0	1	8.29484
183	180	194	1	0	1	7.76985
109	180	207	1	0	1	8.62691
232	211	238	2	0	0	8.27694
4	166	177	2	0	0	8.75102
61	224	239	0	2	0	8.79279
59	188	231	0	2	0	8.72665
83	246	207	1	1	0	8.80637
52	181	155	0	0	2	7.45656
106	230	172	0	0	1	7.54491
261	233	181	0	1	1	7.85592

nv	9	9	9

Vehicles departing from depots at the previous stage:
52	181	155	0	0	2	7.45656
106	230	172	0	0	1	7.54491
261	233	181	0	1	1	7.85592
