138
228	170	102	20	1	4.12	5.12	0.00	20.00	0.00	20.00	0.00	20.00	0		2		0		
212	173	101	30	1	4.13	5.13	0.00	20.00	0.00	20.00	0.00	20.00	2		0		0		
236	234	54	10	1	4.15	5.15	0.00	20.00	0.00	20.00	0.00	20.00	1		1		0		
260	234	56	40	1	4.18	5.18	0.00	20.00	0.00	20.00	0.00	20.00	2		0		0		
226	236	53	30	1	4.19	5.19	0.00	20.00	0.00	20.00	0.00	20.00	1		0		1		
165	160	108	30	1	4.20	5.20	0.00	20.00	0.00	20.00	0.00	20.00	1		0		1		
129	235	56	20	1	4.21	5.21	0.00	20.00	0.00	20.00	0.00	20.00	1		1		0		
134	236	55	30	1	4.21	5.21	0.00	20.00	0.00	20.00	0.00	20.00	0		2		0		
288	238	53	30	1	4.23	5.23	0.00	20.00	0.00	20.00	0.00	20.00	0		0		2		
7	157	111	10	1	4.28	5.28	0.00	20.00	0.00	20.00	0.00	20.00	1		1		0		
197	236	59	10	1	4.28	5.28	0.00	20.00	0.00	20.00	0.00	20.00	0		2		0		
146	237	59	40	1	4.30	5.30	0.00	20.00	0.00	20.00	0.00	20.00	0		1		1		
338	193	103	20	1	4.33	5.33	0.00	20.00	0.00	20.00	0.00	20.00	0		2		0		
182	191	105	30	1	4.37	5.37	0.00	20.00	0.00	20.00	0.00	20.00	0		0		2		
125	190	107	10	1	4.41	5.41	0.00	20.00	0.00	20.00	0.00	20.00	0		0		2		
268	235	68	10	1	4.42	5.42	0.00	20.00	0.00	20.00	0.00	20.00	0		0		2		
13	238	65	20	1	4.43	5.43	0.00	20.00	0.00	20.00	0.00	20.00	2		0		0		
246	181	104	30	1	4.43	5.38	0.00	20.00	0.00	20.00	0.00	20.00	1		1		0		
5	235	69	10	1	4.44	5.44	0.00	20.00	0.00	20.00	0.00	20.00	0		0		2		
223	240	64	20	1	4.45	5.45	0.00	20.00	0.00	20.00	0.00	20.00	0		2		0		
193	192	109	40	1	4.46	5.46	0.00	20.00	0.00	20.00	0.00	20.00	2		0		0		
73	241	64	40	1	4.47	5.47	0.00	20.00	0.00	20.00	0.00	20.00	0		1		1		
14	191	110	10	1	4.48	5.48	0.00	20.00	0.00	20.00	0.00	20.00	1		0		1		
335	189	110	40	1	4.48	5.48	0.00	20.00	0.00	20.00	0.00	20.00	0		2		0		
276	189	112	20	1	4.52	5.52	0.00	20.00	0.00	20.00	0.00	20.00	0		1		1		
54	175	103	10	1	4.54	5.24	0.00	20.00	0.00	20.00	0.00	20.00	0		2		0		
50	187	114	30	1	4.57	5.57	0.00	20.00	0.00	20.00	0.00	20.00	1		1		0		
285	199	110	40	1	5.04	5.56	0.00	20.00	0.00	20.00	0.00	20.00	1		1		0		
194	194	108	10	1	5.12	5.45	0.00	20.00	0.00	20.00	0.00	20.00	2		0		0		
38	192	113	30	1	5.28	5.55	0.00	20.00	0.00	20.00	0.00	20.00	1		0		1		
21	232	113	10	1	5.44	6.44	0.00	20.00	0.00	20.00	5.44	6.44	0		1		1		
24	226	109	30	1	5.36	6.14	0.00	20.00	5.14	6.14	5.36	6.36	0		0		2		
31	160	143	10	1	5.96	6.96	5.96	6.96	0.00	20.00	0.00	20.00	0		0		2		
72	164	140	30	1	5.71	6.71	5.71	6.71	0.00	20.00	0.00	20.00	1		1		0		
86	224	111	40	1	5.42	6.13	0.00	20.00	5.13	6.13	5.42	6.42	1		0		1		
110	166	146	30	1	5.75	6.75	5.75	6.75	0.00	20.00	0.00	20.00	2		0		0		
124	160	140	40	1	5.90	6.90	5.90	6.90	0.00	20.00	0.00	20.00	0		0		2		
140	164	144	20	1	5.79	6.79	5.79	6.79	0.00	20.00	0.00	20.00	1		1		0		
144	166	148	30	1	5.79	6.79	5.79	6.79	0.00	20.00	0.00	20.00	1		1		0		
200	166	147	40	1	5.77	6.77	5.77	6.77	0.00	20.00	0.00	20.00	1		1		0		
201	230	109	30	1	5.35	6.35	0.00	20.00	0.00	20.00	5.35	6.35	0		0		2		
203	163	150	30	1	5.96	6.96	5.96	6.96	0.00	20.00	0.00	20.00	0		0		2		
240	230	102	30	1	5.20	6.20	0.00	20.00	0.00	20.00	5.20	6.20	0		1		1		
243	231	109	10	1	5.35	6.35	0.00	20.00	0.00	20.00	5.35	6.35	1		0		1		
263	226	106	40	1	5.30	6.30	0.00	20.00	0.00	20.00	5.30	6.30	2		0		0		
264	168	146	40	1	5.67	6.67	5.67	6.67	0.00	20.00	0.00	20.00	0		2		0		
297	226	113	20	1	5.45	6.23	0.00	20.00	5.23	6.23	5.45	6.45	1		1		0		
329	225	110	40	1	5.39	6.13	0.00	20.00	5.13	6.13	5.39	6.39	1		1		0		
206	189	153	40	1	0.00	20.00	5.41	6.41	0.00	20.00	0.00	20.00	0		1		1		
45	186	156	10	1	0.00	20.00	5.49	6.49	0.00	20.00	0.00	20.00	1		1		0		
267	191	157	10	1	0.00	20.00	5.50	6.50	0.00	20.00	0.00	20.00	1		1		0		
135	182	156	20	1	0.00	20.00	5.53	6.53	0.00	20.00	0.00	20.00	2		0		0		
330	186	158	30	1	0.00	20.00	5.54	6.54	0.00	20.00	0.00	20.00	1		1		0		
40	184	159	20	1	0.00	20.00	5.57	6.57	0.00	20.00	0.00	20.00	0		1		1		
327	181	157	10	1	0.00	20.00	5.57	6.57	0.00	20.00	0.00	20.00	1		1		0		
32	186	164	40	1	0.00	20.00	5.67	6.67	0.00	20.00	0.00	20.00	0		2		0		
78	182	163	40	1	0.00	20.00	5.68	6.68	0.00	20.00	0.00	20.00	1		1		0		
17	179	170	20	1	0.00	20.00	5.88	6.88	0.00	20.00	0.00	20.00	0		2		0		
19	178	172	20	1	0.00	20.00	5.94	6.94	0.00	20.00	0.00	20.00	1		0		1		
28	178	175	20	1	0.00	20.00	6.01	7.01	0.00	20.00	0.00	20.00	0		0		2		
126	172	172	10	1	0.00	20.00	6.08	7.08	0.00	20.00	0.00	20.00	1		1		0		
147	179	181	40	1	0.00	20.00	6.12	7.12	0.00	20.00	0.00	20.00	0		1		1		
177	172	176	40	1	0.00	20.00	6.17	7.17	0.00	20.00	0.00	20.00	1		0		1		
234	171	177	10	1	0.00	20.00	6.22	7.22	0.00	20.00	0.00	20.00	0		2		0		
67	185	196	10	1	0.00	20.00	6.37	7.37	0.00	20.00	0.00	20.00	0		0		2		
321	185	197	10	1	0.00	20.00	6.39	7.39	0.00	20.00	0.00	20.00	0		1		1		
317	186	198	20	1	0.00	20.00	6.40	7.40	0.00	20.00	0.00	20.00	0		2		0		
289	188	199	20	1	0.00	20.00	6.42	7.42	0.00	20.00	0.00	20.00	0		2		0		
148	188	201	20	1	0.00	20.00	6.46	7.46	0.00	20.00	0.00	20.00	1		0		1		
92	187	202	30	1	0.00	20.00	6.48	7.48	0.00	20.00	0.00	20.00	1		0		1		
315	186	204	20	1	0.00	20.00	6.53	7.53	0.00	20.00	0.00	20.00	0		1		1		
196	156	173	40	1	0.00	20.00	6.75	7.75	0.00	20.00	0.00	20.00	1		1		0		
29	156	182	20	1	0.00	20.00	6.92	7.92	0.00	20.00	0.00	20.00	0		1		1		
298	155	182	40	1	0.00	20.00	6.97	7.97	0.00	20.00	0.00	20.00	2		0		0		
318	155	183	40	1	0.00	20.00	6.99	7.99	0.00	20.00	0.00	20.00	2		0		0		
183	153	178	10	1	0.00	20.00	7.00	8.00	0.00	20.00	0.00	20.00	1		0		1		
16	155	184	10	1	0.00	20.00	7.01	8.01	0.00	20.00	0.00	20.00	1		1		0		
3	195	230	20	1	0.00	20.00	7.10	8.10	0.00	20.00	0.00	20.00	1		1		0		
35	229	154	10	1	0.00	20.00	0.00	20.00	6.18	7.18	0.00	20.00	0		0		2		
206	189	153	40	1	0.00	20.00	0.00	20.00	6.22	7.22	0.00	20.00	0		1		1		
267	191	157	10	1	0.00	20.00	0.00	20.00	6.24	7.24	0.00	20.00	1		1		0		
37	233	154	10	1	0.00	20.00	0.00	20.00	6.31	7.31	0.00	20.00	0		2		0		
45	186	156	10	1	0.00	20.00	0.00	20.00	6.38	7.38	0.00	20.00	1		1		0		
256	234	157	20	1	0.00	20.00	0.00	20.00	6.40	7.40	0.00	20.00	0		1		1		
121	235	156	20	1	0.00	20.00	0.00	20.00	6.42	7.42	0.00	20.00	1		1		0		
330	186	158	30	1	0.00	20.00	0.00	20.00	6.42	7.42	0.00	20.00	1		1		0		
52	233	161	10	1	0.00	20.00	0.00	20.00	6.45	7.45	0.00	20.00	0		0		2		
171	237	155	40	1	0.00	20.00	0.00	20.00	6.48	7.48	0.00	20.00	1		1		0		
40	184	159	20	1	0.00	20.00	0.00	20.00	6.52	7.52	0.00	20.00	0		1		1		
135	182	156	20	1	0.00	20.00	0.00	20.00	6.54	7.54	0.00	20.00	2		0		0		
32	186	164	40	1	0.00	20.00	0.00	20.00	6.55	7.55	0.00	20.00	0		2		0		
30	239	157	40	1	0.00	20.00	0.00	20.00	6.61	7.61	0.00	20.00	2		0		0		
327	181	157	10	1	0.00	20.00	0.00	20.00	6.61	7.61	0.00	20.00	1		1		0		
166	240	156	30	1	0.00	20.00	0.00	20.00	6.63	7.63	0.00	20.00	2		0		0		
78	182	163	40	1	0.00	20.00	0.00	20.00	6.68	7.68	0.00	20.00	1		1		0		
174	240	160	10	1	0.00	20.00	0.00	20.00	6.71	7.71	0.00	20.00	2		0		0		
204	243	155	40	1	0.00	20.00	0.00	20.00	6.75	7.75	0.00	20.00	0		1		1		
17	179	170	20	1	0.00	20.00	0.00	20.00	6.96	7.96	0.00	20.00	0		2		0		
19	178	172	20	1	0.00	20.00	0.00	20.00	7.04	8.04	0.00	20.00	1		0		1		
28	178	175	20	1	0.00	20.00	0.00	20.00	7.10	8.10	0.00	20.00	0		0		2		
147	179	181	40	1	0.00	20.00	0.00	20.00	7.18	8.18	0.00	20.00	0		1		1		
289	188	199	20	1	0.00	20.00	0.00	20.00	7.21	8.21	0.00	20.00	0		2		0		
67	185	196	10	1	0.00	20.00	0.00	20.00	7.25	8.25	0.00	20.00	0		0		2		
148	188	201	20	1	0.00	20.00	0.00	20.00	7.25	8.25	0.00	20.00	1		0		1		
317	186	198	20	1	0.00	20.00	0.00	20.00	7.25	8.25	0.00	20.00	0		2		0		
321	185	197	10	1	0.00	20.00	0.00	20.00	7.27	8.27	0.00	20.00	0		1		1		
92	187	202	30	1	0.00	20.00	0.00	20.00	7.30	8.30	0.00	20.00	1		0		1		
126	172	172	10	1	0.00	20.00	0.00	20.00	7.35	8.35	0.00	20.00	1		1		0		
35	229	154	10	1	0.00	20.00	0.00	20.00	0.00	20.00	6.33	7.33	0		0		2		
37	233	154	10	1	0.00	20.00	0.00	20.00	0.00	20.00	6.33	7.33	0		2		0		
171	237	155	40	1	0.00	20.00	0.00	20.00	0.00	20.00	6.38	7.38	1		1		0		
121	235	156	20	1	0.00	20.00	0.00	20.00	0.00	20.00	6.39	7.39	1		1		0		
256	234	157	20	1	0.00	20.00	0.00	20.00	0.00	20.00	6.40	7.40	0		1		1		
166	240	156	30	1	0.00	20.00	0.00	20.00	0.00	20.00	6.44	7.44	2		0		0		
30	239	157	40	1	0.00	20.00	0.00	20.00	0.00	20.00	6.45	7.45	2		0		0		
204	243	155	40	1	0.00	20.00	0.00	20.00	0.00	20.00	6.47	7.47	0		1		1		
52	233	161	10	1	0.00	20.00	0.00	20.00	0.00	20.00	6.48	7.48	0		0		2		
174	240	160	10	1	0.00	20.00	0.00	20.00	0.00	20.00	6.53	7.53	2		0		0		
162	233	216	40	1	0.00	20.00	0.00	20.00	0.00	20.00	7.68	8.68	1		1		0		
151	230	225	20	1	0.00	20.00	0.00	20.00	0.00	20.00	7.87	8.87	2		0		0		
270	227	225	40	1	0.00	20.00	0.00	20.00	0.00	20.00	7.88	8.88	0		1		1		
23	227	226	40	1	0.00	20.00	0.00	20.00	0.00	20.00	7.90	8.90	0		2		0		
161	241	223	10	1	0.00	20.00	0.00	20.00	0.00	20.00	7.90	8.90	0		1		1		
237	219	223	40	1	0.00	20.00	0.00	20.00	0.00	20.00	7.90	8.90	2		0		0		
105	230	227	10	1	0.00	20.00	0.00	20.00	0.00	20.00	7.91	8.91	0		2		0		
312	236	226	20	1	0.00	20.00	0.00	20.00	0.00	20.00	7.91	8.91	1		0		1		
77	232	229	40	1	0.00	20.00	0.00	20.00	0.00	20.00	7.96	8.96	1		0		1		
119	233	230	40	1	0.00	20.00	0.00	20.00	0.00	20.00	7.98	8.98	0		1		1		
2	215	224	10	1	0.00	20.00	0.00	20.00	0.00	20.00	7.99	8.99	1		0		1		
169	237	229	40	1	0.00	20.00	0.00	20.00	0.00	20.00	7.99	8.99	1		1		0		
211	222	232	40	1	0.00	20.00	0.00	20.00	0.00	20.00	8.06	9.06	0		1		1		
6	237	233	40	1	0.00	20.00	0.00	20.00	0.00	20.00	8.07	9.07	1		0		1		
96	223	233	10	1	0.00	20.00	0.00	20.00	0.00	20.00	8.07	9.07	2		0		0		
239	215	228	30	1	0.00	20.00	0.00	20.00	0.00	20.00	8.08	9.08	2		0		0		
300	212	225	20	1	0.00	20.00	0.00	20.00	0.00	20.00	8.08	9.08	0		2		0		
265	242	231	10	1	0.00	20.00	0.00	20.00	0.00	20.00	8.09	9.09	2		0		0		
39	214	230	40	1	0.00	20.00	0.00	20.00	0.00	20.00	8.14	9.14	0		2		0		
259	222	236	10	1	0.00	20.00	0.00	20.00	0.00	20.00	8.15	9.15	0		2		0		
