17
23	168	124	0	0	0	5.99981
217	167	121	0	0	1	5.98971
226	216	143	0	2	0	7.22108
170	218	147	0	1	0	6.63622
263	212	141	1	1	0	7.27833
228	211	143	1	0	0	6.66851
186	216	152	2	0	0	7.33387
81	211	150	0	0	1	6.51
14	203	144	0	2	0	7.57667
138	246	167	0	0	2	7.12467
182	247	168	0	0	1	6.84
127	249	167	0	0	2	7.62696
268	250	170	1	1	0	7.86404
52	209	173	1	1	0	7.86895
171	252	172	2	0	0	7.62468
105	206	171	0	0	2	7.40274
219	204	169	1	1	0	7.88914

nv	9	9	9

Vehicles departing from depots at the previous stage:
