172
0	150	150	0	0	0.00	20.00	0.00	20.00	0.00	20.00	0.00	20.00	0		0		0		
1	211	84	20	1	4.37	5.29	0.00	20.00	4.37	5.37	4.29	5.29	2		0		0		
2	178	141	40	1	5.28	6.28	5.28	6.28	0.00	20.00	0.00	20.00	1		0		1		
3	205	68	10	1	3.76	4.76	0.00	20.00	3.76	4.76	3.76	4.76	1		0		1		
4	222	180	30	1	0.00	20.00	6.78	7.78	6.56	7.56	6.94	7.94	0		1		1		
5	158	4	40	1	2.17	3.17	0.00	20.00	0.00	20.00	0.00	20.00	1		0		1		
6	107	58	10	1	1.45	2.45	0.00	20.00	0.00	20.00	0.00	20.00	0		0		2		
7	207	155	10	1	0.00	20.00	5.70	6.70	5.92	6.92	6.74	7.74	0		0		2		
8	239	61	20	1	4.38	5.38	0.00	20.00	0.00	20.00	4.38	5.38	0		1		1		
9	234	231	30	1	0.00	20.00	8.41	9.41	7.94	8.94	8.01	9.01	0		0		2		
10	90	73	10	1	1.65	2.65	0.00	20.00	0.00	20.00	0.00	20.00	2		0		0		
11	163	265	10	1	0.00	20.00	8.31	9.31	0.00	20.00	0.00	20.00	1		1		0		
12	107	59	30	1	1.48	2.48	0.00	20.00	0.00	20.00	0.00	20.00	1		1		0		
13	177	255	40	1	0.00	20.00	7.74	8.74	0.00	20.00	0.00	20.00	0		1		1		
14	219	208	40	1	0.00	20.00	7.21	8.21	7.12	8.12	7.58	8.58	1		1		0		
15	265	196	20	1	0.00	20.00	0.00	20.00	0.00	20.00	8.06	9.06	0		0		2		
16	197	277	40	1	0.00	20.00	8.14	9.14	0.00	20.00	0.00	20.00	1		0		1		
17	164	149	20	1	5.89	6.89	5.89	6.89	0.00	20.00	0.00	20.00	1		1		0		
18	224	117	40	1	5.55	6.26	0.00	20.00	5.26	6.26	5.55	6.55	0		1		1		
19	238	124	30	1	5.73	6.73	0.00	20.00	0.00	20.00	5.73	6.73	0		0		2		
20	58	47	10	1	0.15	1.15	0.00	20.00	0.00	20.00	0.00	20.00	0		1		1		
21	62	62	30	1	0.76	1.76	0.00	20.00	0.00	20.00	0.00	20.00	2		0		0		
22	109	59	40	1	1.52	2.52	0.00	20.00	0.00	20.00	0.00	20.00	2		0		0		
23	227	233	20	1	0.00	20.00	8.08	9.08	7.80	8.80	8.05	9.05	0		2		0		
24	62	45	30	1	0.17	1.17	0.00	20.00	0.00	20.00	0.00	20.00	2		0		0		
25	207	125	20	1	5.27	6.07	5.07	6.07	5.27	6.27	0.00	20.00	1		0		1		
26	168	184	40	1	0.00	20.00	6.46	7.46	7.80	8.80	0.00	20.00	0		0		2		
27	98	41	10	1	0.86	1.86	0.00	20.00	0.00	20.00	0.00	20.00	0		2		0		
28	158	263	30	1	0.00	20.00	8.46	9.46	0.00	20.00	0.00	20.00	1		1		0		
29	188	139	30	1	5.96	6.11	5.11	6.11	5.96	6.96	0.00	20.00	2		0		0		
30	127	41	30	1	1.51	2.51	0.00	20.00	0.00	20.00	0.00	20.00	0		2		0		
31	105	57	40	1	1.38	2.38	0.00	20.00	0.00	20.00	0.00	20.00	0		1		1		
32	193	286	40	1	0.00	20.00	8.31	9.31	0.00	20.00	0.00	20.00	0		2		0		
33	210	160	20	1	0.00	20.00	5.89	6.89	6.02	7.02	6.75	7.75	0		2		0		
34	238	110	40	1	5.42	6.42	0.00	20.00	0.00	20.00	5.42	6.42	1		0		1		
35	202	63	30	1	3.59	4.59	0.00	20.00	3.59	4.59	3.59	4.59	0		0		2		
36	203	141	40	1	0.00	20.00	5.30	6.30	5.65	6.65	6.60	7.60	0		2		0		
37	209	64	10	1	3.76	4.76	0.00	20.00	3.76	4.76	3.76	4.76	0		2		0		
38	264	204	30	1	0.00	20.00	0.00	20.00	0.00	20.00	8.18	9.18	0		0		2		
39	184	150	10	1	0.00	20.00	5.38	6.38	6.34	7.34	0.00	20.00	2		0		0		
40	209	113	10	1	5.00	5.88	4.88	5.88	5.00	6.00	0.00	20.00	2		0		0		
41	132	104	20	1	3.61	4.61	0.00	20.00	3.61	4.61	3.61	4.61	1		0		1		
42	246	199	10	1	0.00	20.00	0.00	20.00	7.77	8.77	7.48	8.48	1		0		1		
43	217	154	10	1	0.00	20.00	6.04	7.04	5.93	6.93	6.45	7.45	1		1		0		
44	152	81	20	1	3.04	4.04	0.00	20.00	0.00	20.00	0.00	20.00	0		1		1		
45	165	2	30	1	2.36	3.36	0.00	20.00	0.00	20.00	0.00	20.00	2		0		0		
46	77	26	40	1	0.19	1.19	0.00	20.00	0.00	20.00	0.00	20.00	0		2		0		
47	81	70	30	1	1.39	2.39	0.00	20.00	0.00	20.00	0.00	20.00	1		0		1		
48	92	73	10	1	1.69	2.69	0.00	20.00	0.00	20.00	0.00	20.00	1		1		0		
49	165	259	40	1	0.00	20.00	8.12	9.12	0.00	20.00	0.00	20.00	0		1		1		
50	243	165	10	1	0.00	20.00	0.00	20.00	6.95	7.95	6.69	7.69	2		0		0		
51	160	198	40	1	0.00	20.00	7.05	8.05	0.00	20.00	0.00	20.00	0		0		2		
52	232	100	10	1	5.16	6.16	0.00	20.00	0.00	20.00	5.16	6.16	0		0		2		
53	223	81	10	1	4.46	5.46	0.00	20.00	0.00	20.00	4.46	5.46	1		0		1		
54	67	69	10	1	1.13	2.13	0.00	20.00	0.00	20.00	0.00	20.00	0		1		1		
55	235	224	30	1	0.00	20.00	8.33	9.33	7.83	8.83	7.86	8.86	0		0		2		
56	233	236	30	1	0.00	20.00	8.45	9.45	8.02	9.02	8.11	9.11	2		0		0		
57	103	84	30	1	2.31	3.31	0.00	20.00	0.00	20.00	0.00	20.00	1		1		0		
58	203	288	10	1	0.00	20.00	8.45	9.45	0.00	20.00	0.00	20.00	0		1		1		
59	74	79	40	1	1.68	2.68	0.00	20.00	0.00	20.00	0.00	20.00	1		0		1		
60	61	61	30	1	0.70	1.70	0.00	20.00	0.00	20.00	0.00	20.00	1		1		0		
61	112	62	30	1	1.67	2.67	0.00	20.00	0.00	20.00	0.00	20.00	2		0		0		
62	77	80	30	1	1.76	2.76	0.00	20.00	0.00	20.00	0.00	20.00	2		0		0		
63	119	103	40	1	3.39	4.39	0.00	20.00	0.00	20.00	0.00	20.00	0		1		1		
64	215	69	40	1	4.00	5.00	0.00	20.00	0.00	20.00	4.00	5.00	1		1		0		
65	166	151	40	1	5.85	6.85	5.85	6.85	0.00	20.00	0.00	20.00	2		0		0		
66	127	100	40	1	3.36	4.36	0.00	20.00	0.00	20.00	0.00	20.00	0		2		0		
67	73	23	20	1	0.08	1.08	0.00	20.00	0.00	20.00	0.00	20.00	0		2		0		
68	175	191	30	1	0.00	20.00	6.41	7.41	7.56	8.56	0.00	20.00	0		0		2		
69	161	191	40	1	0.00	20.00	6.87	7.87	8.36	9.36	0.00	20.00	1		0		1		
70	175	119	30	1	4.88	5.88	4.88	5.88	0.00	20.00	0.00	20.00	2		0		0		
71	65	68	30	1	1.06	2.06	0.00	20.00	0.00	20.00	0.00	20.00	0		2		0		
72	263	202	30	1	0.00	20.00	0.00	20.00	0.00	20.00	8.09	9.09	0		2		0		
73	201	217	10	1	0.00	20.00	6.89	7.89	7.32	8.32	8.24	9.24	0		0		2		
74	164	177	40	1	0.00	20.00	6.46	7.46	0.00	20.00	0.00	20.00	0		2		0		
75	75	22	20	1	0.12	1.12	0.00	20.00	0.00	20.00	0.00	20.00	1		0		1		
76	112	14	40	1	1.01	2.01	0.00	20.00	0.00	20.00	0.00	20.00	1		1		0		
77	201	2	40	1	3.20	4.20	0.00	20.00	0.00	20.00	0.00	20.00	2		0		0		
78	180	243	10	1	0.00	20.00	7.44	8.44	8.40	9.40	0.00	20.00	1		1		0		
79	66	62	40	1	0.82	1.82	0.00	20.00	0.00	20.00	0.00	20.00	1		0		1		
80	121	106	20	1	3.55	4.55	0.00	20.00	3.55	4.55	3.55	4.55	1		1		0		
81	214	59	30	1	3.78	4.78	0.00	20.00	3.78	4.78	3.78	4.78	0		2		0		
82	216	157	30	1	0.00	20.00	6.05	7.05	5.98	6.98	6.54	7.54	1		1		0		
83	214	55	30	1	3.71	4.71	0.00	20.00	3.71	4.71	3.71	4.71	1		1		0		
84	63	65	20	1	0.90	1.90	0.00	20.00	0.00	20.00	0.00	20.00	0		2		0		
85	167	205	20	1	0.00	20.00	6.93	7.93	8.26	9.26	0.00	20.00	0		0		2		
86	228	236	30	1	0.00	20.00	8.18	9.18	7.88	8.88	8.11	9.11	0		2		0		
87	124	6	10	1	1.36	2.36	0.00	20.00	0.00	20.00	0.00	20.00	1		0		1		
88	146	235	40	1	0.00	20.00	8.48	9.48	0.00	20.00	0.00	20.00	0		1		1		
89	70	74	20	1	1.39	2.39	0.00	20.00	0.00	20.00	0.00	20.00	0		0		2		
90	259	148	10	1	0.00	20.00	0.00	20.00	0.00	20.00	6.83	7.83	0		2		0		
91	73	74	20	1	1.44	2.44	0.00	20.00	0.00	20.00	0.00	20.00	1		1		0		
92	197	203	20	1	0.00	20.00	6.54	7.54	7.08	8.08	8.11	9.11	0		2		0		
93	219	90	10	1	4.58	5.58	0.00	20.00	4.58	5.58	0.00	20.00	1		0		1		
94	183	231	40	1	0.00	20.00	7.14	8.14	8.04	9.04	0.00	20.00	0		2		0		
95	158	265	40	1	0.00	20.00	8.50	9.50	0.00	20.00	0.00	20.00	0		1		1		
96	203	285	30	1	0.00	20.00	8.39	9.39	0.00	20.00	0.00	20.00	1		1		0		
97	265	197	40	1	0.00	20.00	0.00	20.00	0.00	20.00	8.08	9.08	2		0		0		
98	156	168	30	1	0.00	20.00	6.65	7.65	0.00	20.00	0.00	20.00	2		0		0		
99	127	104	20	1	3.54	4.54	0.00	20.00	3.54	4.54	3.54	4.54	0		0		2		
100	211	138	20	1	0.00	20.00	5.47	6.47	5.54	6.54	6.26	7.26	0		2		0		
101	215	156	40	1	0.00	20.00	5.99	6.99	5.95	6.95	6.54	7.54	0		1		1		
102	162	10	40	1	2.22	3.22	0.00	20.00	0.00	20.00	0.00	20.00	2		0		0		
103	217	175	20	1	0.00	20.00	6.46	7.46	6.38	7.38	6.90	7.90	0		2		0		
104	228	232	30	1	0.00	20.00	8.11	9.11	7.80	8.80	8.02	9.02	0		2		0		
105	207	123	40	1	5.23	6.02	5.02	6.02	5.23	6.23	0.00	20.00	1		1		0		
106	221	154	40	1	0.00	20.00	6.22	7.22	5.99	6.99	6.39	7.39	1		1		0		
107	71	70	40	1	1.23	2.23	0.00	20.00	0.00	20.00	0.00	20.00	1		0		1		
108	220	57	40	1	3.88	4.88	0.00	20.00	3.88	4.88	3.88	4.88	1		0		1		
109	118	113	20	1	3.85	4.85	0.00	20.00	3.85	4.85	3.85	4.85	2		0		0		
110	190	1	30	1	2.95	3.95	0.00	20.00	0.00	20.00	0.00	20.00	0		0		2		
111	187	126	40	1	5.73	5.83	4.83	5.83	5.73	6.73	0.00	20.00	0		2		0		
112	109	58	20	1	1.49	2.49	0.00	20.00	0.00	20.00	0.00	20.00	1		1		0		
113	225	191	40	1	0.00	20.00	7.15	8.15	6.86	7.86	7.15	8.15	0		0		2		
114	176	27	30	1	2.54	3.54	0.00	20.00	0.00	20.00	0.00	20.00	0		1		1		
115	162	270	20	1	0.00	20.00	8.45	9.45	0.00	20.00	0.00	20.00	1		1		0		
116	231	238	40	1	0.00	20.00	8.38	9.38	8.00	9.00	8.15	9.15	0		2		0		
117	161	242	30	1	0.00	20.00	7.91	8.91	0.00	20.00	0.00	20.00	1		1		0		
118	74	77	20	1	1.59	2.59	0.00	20.00	0.00	20.00	0.00	20.00	2		0		0		
119	242	241	10	1	0.00	20.00	0.00	20.00	8.44	9.44	8.31	9.31	0		0		2		
120	215	49	40	1	3.65	4.65	0.00	20.00	3.65	4.65	3.65	4.65	0		2		0		
121	188	74	20	1	3.70	4.55	3.70	4.70	3.55	4.55	3.55	4.55	2		0		0		
122	180	226	20	1	0.00	20.00	7.07	8.07	8.05	9.05	0.00	20.00	0		2		0		
123	165	178	40	1	0.00	20.00	6.44	7.44	7.87	8.87	0.00	20.00	0		0		2		
124	146	211	30	1	0.00	20.00	8.03	9.03	0.00	20.00	0.00	20.00	1		1		0		
125	86	72	10	1	1.55	2.55	0.00	20.00	0.00	20.00	0.00	20.00	0		1		1		
126	121	8	20	1	1.27	2.27	0.00	20.00	0.00	20.00	0.00	20.00	1		0		1		
127	78	41	20	1	0.41	1.41	0.00	20.00	0.00	20.00	0.00	20.00	0		2		0		
128	230	131	30	1	5.83	6.73	0.00	20.00	5.73	6.73	5.83	6.83	1		1		0		
129	269	183	30	1	0.00	20.00	0.00	20.00	0.00	20.00	8.00	9.00	1		0		1		
130	263	188	10	1	0.00	20.00	0.00	20.00	0.00	20.00	7.81	8.81	2		0		0		
131	210	64	30	1	3.79	4.79	0.00	20.00	3.79	4.79	3.79	4.79	1		1		0		
132	91	71	20	1	1.59	2.59	0.00	20.00	0.00	20.00	0.00	20.00	0		1		1		
133	207	68	10	1	3.80	4.80	0.00	20.00	3.80	4.80	3.80	4.80	2		0		0		
134	153	205	30	1	0.00	20.00	7.53	8.53	0.00	20.00	0.00	20.00	0		1		1		
135	226	160	20	1	0.00	20.00	6.60	7.60	6.22	7.22	6.47	7.47	0		1		1		
136	206	116	40	1	5.08	5.85	4.85	5.85	5.08	6.08	0.00	20.00	0		1		1		
137	184	5	30	1	2.77	3.77	0.00	20.00	0.00	20.00	0.00	20.00	2		0		0		
138	253	8	40	1	4.39	5.39	0.00	20.00	0.00	20.00	4.39	5.39	0		1		1		
139	79	25	10	1	0.23	1.23	0.00	20.00	0.00	20.00	0.00	20.00	0		2		0		
140	162	198	40	1	0.00	20.00	6.97	7.97	8.43	9.43	0.00	20.00	0		0		2		
141	216	54	20	1	3.74	4.74	0.00	20.00	3.74	4.74	3.74	4.74	0		2		0		
142	125	100	40	1	3.33	4.33	0.00	20.00	0.00	20.00	0.00	20.00	0		1		1		
143	67	73	40	1	1.31	2.31	0.00	20.00	0.00	20.00	0.00	20.00	1		0		1		
144	238	225	30	1	0.00	20.00	0.00	20.00	7.95	8.95	7.91	8.91	1		1		0		
145	143	62	10	1	2.30	3.30	0.00	20.00	0.00	20.00	0.00	20.00	1		0		1		
146	213	59	20	1	3.76	4.76	0.00	20.00	3.76	4.76	3.76	4.76	0		2		0		
147	213	155	40	1	0.00	20.00	5.89	6.89	5.92	6.92	6.56	7.56	1		0		1		
148	234	236	10	1	0.00	20.00	0.00	20.00	8.05	9.05	8.12	9.12	1		0		1		
149	110	58	20	1	1.51	2.51	0.00	20.00	0.00	20.00	0.00	20.00	0		2		0		
150	215	68	20	1	3.98	4.98	0.00	20.00	3.98	4.98	3.98	4.98	0		0		2		
151	211	157	30	1	0.00	20.00	5.86	6.86	5.96	6.96	6.66	7.66	1		0		1		
152	252	173	10	1	0.00	20.00	0.00	20.00	7.59	8.59	7.08	8.08	1		0		1		
153	150	44	20	1	2.08	3.08	0.00	20.00	0.00	20.00	0.00	20.00	1		1		0		
154	174	76	10	1	3.31	4.31	0.00	20.00	0.00	20.00	0.00	20.00	0		0		2		
155	167	209	40	1	0.00	20.00	7.01	8.01	8.33	9.33	0.00	20.00	1		1		0		
156	131	68	30	1	2.22	3.22	0.00	20.00	0.00	20.00	0.00	20.00	0		2		0		
157	152	238	20	1	0.00	20.00	8.22	9.22	0.00	20.00	0.00	20.00	0		2		0		
158	204	285	10	1	0.00	20.00	8.40	9.40	0.00	20.00	0.00	20.00	2		0		0		
159	209	280	10	1	0.00	20.00	8.40	9.40	0.00	20.00	0.00	20.00	2		0		0		
160	158	155	10	1	0.00	20.00	6.29	7.29	0.00	20.00	0.00	20.00	0		2		0		
161	166	204	30	1	0.00	20.00	6.94	7.94	8.29	9.29	0.00	20.00	1		1		0		
162	127	101	20	1	3.40	4.40	0.00	20.00	0.00	20.00	0.00	20.00	2		0		0		
163	124	97	10	1	3.18	4.18	0.00	20.00	0.00	20.00	0.00	20.00	0		2		0		
164	216	56	10	1	3.77	4.77	0.00	20.00	3.77	4.77	3.77	4.77	0		1		1		
165	114	61	30	1	1.68	2.68	0.00	20.00	0.00	20.00	0.00	20.00	1		1		0		
166	70	66	40	1	1.05	2.05	0.00	20.00	0.00	20.00	0.00	20.00	1		0		1		
167	90	71	30	1	1.57	2.57	0.00	20.00	0.00	20.00	0.00	20.00	1		0		1		
168	72	73	30	1	1.38	2.38	0.00	20.00	0.00	20.00	0.00	20.00	0		0		2		
169	163	202	40	1	0.00	20.00	7.01	8.01	8.44	9.44	0.00	20.00	0		0		2		
170	243	117	20	1	5.66	6.66	0.00	20.00	0.00	20.00	5.66	6.66	0		0		2		
171	212	53	30	1	3.64	4.64	0.00	20.00	3.64	4.64	3.64	4.64	0		2		0		
