14
93	160	192	1	0	1	7.46504
227	166	206	1	0	1	7.55612
107	161	206	0	0	2	8.05896
103	174	226	0	2	0	8.12199
110	176	229	1	0	1	8.18785
40	173	228	1	0	1	8.23613
223	211	234	0	2	0	8.23562
68	213	235	2	0	0	8.24949
269	215	232	2	0	0	8.36075
38	211	239	0	1	1	8.34801
216	212	238	0	1	1	8.41136
235	204	173	0	1	0	6.97738
100	181	198	1	0	1	7.38334
146	183	201	0	2	0	7.48193

nv	9	9	9

Vehicles departing from depots at the previous stage:
235	204	173	0	1	0	6.97738
100	181	198	1	0	1	7.38334
146	183	201	0	2	0	7.48193
