0	150	150	0	0	0.00	20.00	0		0		0		
1	175	132	30	1	5.16	6.00	0		0		2		
3	101	87	30	1	2.41	3.41	1		1		0		
8	228	120	40	1	5.59	6.00	0		1		1		
10	69	57	30	1	0.69	1.69	0		2		0		
12	216	69	30	1	4.02	5.02	0		0		2		
13	184	60	30	1	3.13	4.13	1		1		0		
18	231	92	40	1	4.98	5.98	2		0		0		
19	185	104	30	1	4.45	5.37	1		0		1		
22	151	117	20	1	4.46	5.46	2		0		0		
23	141	0	30	1	1.82	2.82	0		1		1		
24	253	23	20	1	4.36	5.36	1		0		1		
25	91	31	40	1	0.56	1.56	1		0		1		
28	148	59	40	1	2.33	3.33	1		1		0		
31	191	1	10	1	2.97	3.97	0		2		0		
32	42	56	10	1	0.20	1.20	1		0		1		
34	223	67	30	1	4.13	5.13	1		0		1		
41	257	14	20	1	4.46	5.46	0		0		2		
43	128	75	20	1	2.39	3.39	1		1		0		
48	125	19	10	1	1.31	2.31	2		0		0		
49	153	19	30	1	1.98	2.98	1		1		0		
50	45	60	30	1	0.42	1.42	1		1		0		
52	186	96	40	1	4.19	5.18	1		0		1		
53	65	58	20	1	0.65	1.65	0		2		0		
54	160	86	40	1	3.36	4.36	1		0		1		
56	155	116	10	1	4.47	5.47	0		0		2		
57	116	23	10	1	1.10	2.10	0		2		0		
59	204	101	10	1	4.77	5.47	2		0		0		
61	92	92	40	1	2.52	3.52	0		0		2		
63	153	15	20	1	1.98	2.98	1		1		0		
64	159	14	40	1	2.13	3.13	1		0		1		
66	151	6	20	1	1.99	2.99	2		0		0		
69	215	76	30	1	4.16	5.16	0		2		0		
70	157	12	10	1	2.09	3.09	0		0		2		
71	188	28	20	1	2.83	3.83	0		0		2		
73	217	64	10	1	3.94	4.94	1		0		1		
74	247	12	30	1	4.23	5.23	1		1		0		
79	181	46	10	1	2.82	3.82	0		2		0		
81	52	55	10	1	0.32	1.32	1		1		0		
82	119	3	30	1	1.28	2.28	0		1		1		
84	151	18	30	1	1.93	2.93	0		1		1		
85	165	49	40	1	2.50	3.50	1		1		0		
88	187	98	40	1	4.27	5.23	0		0		2		
89	106	66	30	1	1.68	2.68	0		2		0		
90	86	66	40	1	1.31	2.31	0		1		1		
92	114	72	10	1	2.03	3.03	2		0		0		
94	160	10	20	1	2.17	3.17	0		2		0		
97	168	3	40	1	2.42	3.42	2		0		0		
100	76	71	40	1	1.35	2.35	2		0		0		
101	222	64	40	1	4.05	5.05	0		2		0		
102	93	63	40	1	1.33	2.33	1		0		1		
105	88	30	30	1	0.48	1.48	1		1		0		
106	126	62	20	1	1.95	2.95	0		2		0		
109	150	116	20	1	4.40	5.40	0		0		2		
111	68	60	20	1	0.78	1.78	1		0		1		
112	247	15	30	1	4.22	5.22	0		0		2		
113	185	103	40	1	4.41	5.35	0		1		1		
114	133	121	30	1	4.42	5.42	0		1		1		
115	137	120	10	1	4.42	5.42	1		1		0		
116	165	90	10	1	3.59	4.59	0		2		0		
120	143	79	10	1	2.80	3.80	0		0		2		
122	233	125	30	1	5.71	6.00	2		0		0		
123	222	68	40	1	4.13	5.13	0		0		2		
127	143	24	10	1	1.74	2.74	0		0		2		
130	194	57	30	1	3.30	4.30	0		1		1		
132	133	107	40	1	3.76	4.76	2		0		0		
133	132	96	30	1	3.26	4.26	0		1		1		
134	228	14	20	1	3.77	4.77	0		1		1		
135	46	60	30	1	0.43	1.43	2		0		0		
136	225	109	30	1	5.37	6.00	0		1		1		
137	219	62	40	1	3.95	4.95	1		0		1		
138	160	6	10	1	2.20	3.20	1		1		0		
139	208	59	20	1	3.65	4.65	1		0		1		
144	192	2	40	1	2.99	3.99	0		2		0		
147	181	117	20	1	4.71	5.71	1		0		1		
148	156	8	30	1	2.09	3.09	0		2		0		
150	187	112	20	1	4.53	5.53	1		1		0		
152	139	90	10	1	3.13	4.13	0		2		0		
154	135	96	30	1	3.31	4.31	0		1		1		
158	65	57	30	1	0.62	1.62	2		0		0		
165	74	52	10	1	0.61	1.61	0		2		0		
166	212	75	20	1	4.18	5.07	1		0		1		
170	216	64	30	1	3.92	4.92	0		2		0		
171	141	13	30	1	1.71	2.71	0		0		2		
174	198	127	40	1	5.43	5.91	0		2		0		
176	151	114	10	1	4.32	5.32	0		1		1		
177	135	118	20	1	4.30	5.30	0		2		0		
180	49	63	40	1	0.61	1.61	0		1		1		
183	49	59	20	1	0.43	1.43	0		0		2		
184	181	86	30	1	4.04	4.75	1		0		1		
185	197	40	20	1	3.12	4.12	1		1		0		
187	142	9	20	1	1.75	2.75	2		0		0		
188	70	52	40	1	0.54	1.54	0		2		0		
189	246	15	10	1	4.20	5.20	2		0		0		
191	241	20	30	1	4.07	5.07	1		0		1		
192	92	10	20	1	0.57	1.57	0		2		0		
194	92	65	40	1	1.38	2.38	0		0		2		
197	190	38	30	1	2.94	3.94	0		1		1		
198	138	97	20	1	3.40	4.40	0		0		2		
199	143	46	30	1	1.96	2.96	0		1		1		
200	144	118	20	1	4.41	5.41	0		1		1		
203	241	13	30	1	4.08	5.08	2		0		0		
206	193	126	30	1	5.53	5.83	0		2		0		
207	176	126	40	1	5.00	6.00	0		2		0		
209	188	99	30	1	4.32	5.24	0		2		0		
212	135	44	10	1	1.74	2.74	0		1		1		
216	203	68	40	1	3.72	4.72	1		0		1		
217	173	34	20	1	2.51	3.51	1		1		0		
218	91	54	30	1	1.01	2.01	0		2		0		
225	174	34	10	1	2.53	3.53	2		0		0		
227	109	66	30	1	1.73	2.73	0		1		1		
228	134	97	20	1	3.33	4.33	1		0		1		
230	153	115	40	1	4.40	5.40	0		0		2		
232	137	98	40	1	3.42	4.42	0		2		0		
233	219	81	20	1	4.37	5.37	2		0		0		
234	65	59	30	1	0.69	1.69	0		0		2		
236	117	18	20	1	1.12	2.12	1		0		1		
237	213	117	40	1	5.76	6.00	0		2		0		
238	248	12	20	1	4.25	5.25	0		0		2		
239	67	55	40	1	0.58	1.58	0		0		2		
242	98	8	10	1	0.73	1.73	1		1		0		
245	215	72	10	1	4.07	5.07	0		0		2		
246	136	98	40	1	3.41	4.41	1		0		1		
249	169	80	20	1	3.33	4.33	0		2		0		
250	188	101	40	1	4.39	5.29	1		0		1		
251	42	53	30	1	0.07	1.07	1		1		0		
254	149	6	40	1	1.94	2.94	2		0		0		
255	152	12	10	1	1.97	2.97	0		1		1		
257	124	65	20	1	1.99	2.99	1		1		0		
259	242	60	10	1	4.43	5.43	1		0		1		
262	214	70	20	1	4.00	5.00	0		1		1		
264	160	8	10	1	2.19	3.19	1		0		1		
266	151	15	10	1	1.94	2.94	0		1		1		
267	229	6	10	1	3.83	4.83	1		0		1		
268	123	19	30	1	1.26	2.26	0		1		1		
269	183	132	40	1	5.00	6.00	0		2		0		
270	138	50	10	1	1.92	2.92	1		1		0		
271	184	55	20	1	3.04	4.04	2		0		0		
272	250	15	30	1	4.29	5.29	0		1		1		
273	43	57	10	1	0.26	1.26	0		1		1		
276	64	52	40	1	0.42	1.42	0		2		0		
278	67	58	10	1	0.69	1.69	0		2		0		
282	224	20	10	1	3.67	4.67	1		0		1		
284	164	59	40	1	2.67	3.67	0		1		1		
291	219	77	30	1	4.27	5.27	2		0		0		
293	138	94	10	1	3.27	4.27	0		1		1		
294	124	37	30	1	1.39	2.39	2		0		0		
295	186	102	30	1	4.39	5.32	0		0		2		
296	245	15	20	1	4.17	5.17	0		1		1		
297	64	60	20	1	0.71	1.71	0		0		2		
298	137	100	20	1	3.51	4.51	0		0		2		
300	111	60	40	1	1.59	2.59	1		0		1		
2	138	193	15	1	8.23	9.23	1		1		0		
4	239	216	20	1	8.44	9.44	0		0		2		
5	175	197	5	1	6.54	7.54	1		0		1		
6	157	199	5	1	7.21	8.21	0		2		0		
11	211	239	5	1	7.58	8.58	0		2		0		
14	190	221	10	1	6.89	7.89	0		2		0		
15	190	226	10	1	7.00	8.00	1		1		0		
16	166	153	15	1	6.00	6.89	1		1		0		
17	140	192	15	1	8.07	9.07	1		0		1		
20	141	211	15	1	8.34	9.34	2		0		0		
21	195	219	20	1	6.87	7.87	2		0		0		
26	226	183	20	1	7.05	8.05	0		1		1		
27	160	160	10	1	6.29	7.29	2		0		0		
29	212	176	10	1	6.29	7.29	0		2		0		
30	164	232	10	1	7.59	8.59	1		0		1		
33	150	196	20	1	7.52	8.52	0		1		1		
36	157	189	15	1	7.01	8.01	0		2		0		
37	191	190	10	1	6.22	7.22	0		2		0		
38	194	229	10	1	7.08	8.08	0		2		0		
40	198	224	20	1	7.00	8.00	0		1		1		
44	212	190	20	1	6.58	7.58	0		1		1		
45	178	173	20	1	6.00	6.96	0		0		2		
58	171	223	15	1	7.19	8.19	0		1		1		
62	194	192	5	1	6.27	7.27	0		1		1		
65	207	135	10	1	6.00	6.28	0		0		2		
67	218	200	10	1	7.01	8.01	0		1		1		
68	227	219	5	1	7.80	8.80	1		0		1		
72	160	157	20	1	6.23	7.23	1		1		0		
75	190	193	5	1	6.28	7.28	0		0		2		
76	175	164	15	1	6.00	6.83	0		0		2		
77	151	224	10	1	8.00	9.00	2		0		0		
78	193	197	10	1	6.38	7.38	1		1		0		
80	178	204	10	1	6.63	7.63	1		1		0		
83	235	231	15	1	8.47	9.47	1		0		1		
87	163	196	5	1	6.89	7.89	0		2		0		
91	189	190	5	1	6.22	7.22	1		0		1		
93	168	154	20	1	6.00	6.84	0		2		0		
98	191	195	10	1	6.33	7.33	2		0		0		
103	181	196	15	1	6.41	7.41	0		0		2		
104	191	152	10	1	6.00	6.39	0		0		2		
107	231	210	15	1	7.84	8.84	2		0		0		
108	164	156	5	1	6.03	7.03	0		2		0		
110	169	222	10	1	7.22	8.22	2		0		0		
118	183	145	5	1	6.00	6.28	1		1		0		
119	174	173	15	1	6.05	7.05	0		2		0		
124	161	190	10	1	6.85	7.85	0		2		0		
128	189	202	15	1	6.48	7.48	0		0		2		
129	230	243	15	1	8.42	9.42	0		1		1		
140	149	187	15	1	7.40	8.40	2		0		0		
142	171	217	20	1	7.06	8.06	1		0		1		
143	171	202	5	1	6.74	7.74	1		1		0		
145	201	227	5	1	7.11	8.11	1		1		0		
146	220	169	15	1	6.47	7.47	1		1		0		
149	172	145	20	1	6.00	6.52	2		0		0		
151	145	207	20	1	8.02	9.02	1		1		0		
156	228	211	5	1	7.69	8.69	0		0		2		
157	215	225	10	1	7.41	8.41	0		0		2		
161	197	292	20	1	8.46	9.46	2		0		0		
163	180	240	10	1	7.37	8.37	0		0		2		
164	190	269	20	1	7.93	8.93	0		0		2		
167	177	208	15	1	6.73	7.73	1		1		0		
172	235	232	20	1	8.49	9.49	1		1		0		
175	197	222	20	1	6.95	7.95	1		0		1		
178	143	216	10	1	8.31	9.31	0		2		0		
179	173	199	5	1	6.63	7.63	0		0		2		
181	192	191	20	1	6.24	7.24	1		0		1		
182	164	160	5	1	6.11	7.11	0		0		2		
186	206	207	10	1	6.77	7.77	1		0		1		
190	140	193	5	1	8.09	9.09	2		0		0		
193	162	200	10	1	7.01	8.01	1		0		1		
195	189	188	20	1	6.17	7.17	1		1		0		
196	172	206	10	1	6.80	7.80	0		2		0		
202	188	257	5	1	7.68	8.68	0		0		2		
204	207	183	20	1	6.29	7.29	0		1		1		
208	199	190	20	1	6.28	7.28	0		1		1		
210	220	214	15	1	7.38	8.38	1		0		1		
211	159	200	15	1	7.14	8.14	0		0		2		
213	192	187	5	1	6.16	7.16	0		1		1		
214	164	196	10	1	6.85	7.85	1		0		1		
215	193	229	15	1	7.07	8.07	2		0		0		
219	166	152	15	1	6.00	6.87	1		1		0		
220	192	220	20	1	6.87	7.87	0		0		2		
222	159	163	5	1	6.40	7.40	0		1		1		
223	187	238	15	1	7.27	8.27	1		0		1		
224	200	162	5	1	6.00	6.69	2		0		0		
226	163	150	5	1	6.00	6.96	2		0		0		
229	200	227	5	1	7.09	8.09	1		0		1		
240	156	200	20	1	7.28	8.28	0		2		0		
241	170	204	15	1	6.81	7.81	0		1		1		
243	204	214	15	1	6.88	7.88	1		1		0		
244	159	198	20	1	7.10	8.10	0		2		0		
247	141	190	15	1	7.97	8.97	1		1		0		
252	191	239	20	1	7.28	8.28	1		1		0		
256	157	233	20	1	7.89	8.89	0		2		0		
260	169	205	20	1	6.87	7.87	1		0		1		
261	184	286	15	1	8.33	9.33	1		1		0		
263	167	201	10	1	6.85	7.85	2		0		0		
265	166	154	20	1	6.00	6.91	1		0		1		
274	160	200	5	1	7.09	8.09	0		1		1		
275	231	166	20	1	7.01	8.01	1		0		1		
277	139	188	5	1	8.07	9.07	0		1		1		
279	173	223	20	1	7.14	8.14	0		0		2		
281	170	198	10	1	6.69	7.69	2		0		0		
283	190	224	15	1	6.96	7.96	1		0		1		
285	236	209	10	1	8.12	9.12	1		0		1		
286	193	261	15	1	7.77	8.77	0		0		2		
287	194	223	15	1	6.95	7.95	0		1		1		
288	197	207	10	1	6.62	7.62	1		0		1		
289	162	199	15	1	6.99	7.99	1		1		0		
290	140	189	5	1	8.02	9.02	2		0		0		
292	187	186	20	1	6.14	7.14	1		0		1		
