14
11	244	116	1	0	1	6.27138
71	243	123	2	0	0	6.61215
83	241	113	0	0	1	6.10696
153	220	133	2	0	0	6.9327
194	220	131	0	1	1	6.48699
200	243	125	0	2	0	6.70201
51	239	138	2	0	0	6.54653
244	247	141	0	0	2	6.82525
84	224	160	0	2	0	7.24082
182	253	143	0	2	0	7.37466
57	253	153	0	2	0	7.62512
214	228	89	0	0	2	5.91356
262	165	139	1	0	1	5.89138
261	172	155	1	0	1	5.98656

nv	9	9	9

Vehicles departing from depots at the previous stage:
214	228	89	0	0	2	5.91356
262	165	139	1	0	1	5.89138
261	172	155	1	0	1	5.98656
