113
130	139	94	10	1	3.29	4.29	2		0		0		
244	132	97	20	1	3.30	4.30	1		1		0		
123	119	102	40	1	3.34	4.34	0		2		0		
65	125	101	10	1	3.38	4.38	0		2		0		
274	212	31	10	1	3.41	4.41	1		1		0		
36	213	27	10	1	3.42	4.42	0		2		0		
93	214	30	20	1	3.45	4.45	1		1		0		
8	215	24	10	1	3.46	4.46	0		0		2		
118	214	31	10	1	3.46	4.46	0		0		2		
42	217	30	20	1	3.52	4.52	2		0		0		
325	218	31	30	1	3.55	4.55	0		2		0		
85	218	34	30	1	3.57	4.57	0		0		2		
334	194	71	10	1	3.60	4.60	1		1		0		
128	136	103	30	1	3.62	4.62	1		1		0		
178	221	30	10	1	3.62	4.62	1		1		0		
108	193	71	10	1	3.64	4.57	0		0		2		
79	222	31	30	1	3.65	4.65	0		1		1		
49	222	33	30	1	3.66	4.66	0		2		0		
80	133	105	30	1	3.67	4.67	2		0		0		
9	134	105	10	1	3.68	4.68	0		1		1		
149	190	74	40	1	3.70	4.59	1		0		1		
195	190	76	30	1	3.74	4.64	1		0		1		
10	200	73	40	1	3.77	4.77	1		1		0		
172	194	77	10	1	3.78	4.75	0		0		2		
97	132	108	10	1	3.79	4.79	1		0		1		
68	190	79	40	1	3.80	4.72	1		1		0		
179	156	100	10	1	3.81	4.81	1		1		0		
33	192	80	30	1	3.83	4.79	0		2		0		
251	138	107	30	1	3.83	4.83	0		2		0		
292	169	95	30	1	3.84	4.84	0		2		0		
324	197	78	40	1	3.84	4.84	0		1		1		
225	172	94	20	1	3.85	4.85	0		1		1		
99	159	100	20	1	3.86	4.86	2		0		0		
104	140	107	20	1	3.86	4.86	1		1		0		
199	157	101	10	1	3.86	4.86	0		0		2		
231	160	100	20	1	3.87	4.87	1		0		1		
229	195	81	20	1	3.88	4.87	1		1		0		
277	177	92	20	1	3.88	4.88	0		1		1		
48	231	4	40	1	3.89	4.89	1		1		0		
208	170	96	20	1	3.89	4.89	0		2		0		
112	140	108	20	1	3.90	4.90	0		1		1		
294	233	10	20	1	3.90	4.90	0		2		0		
323	162	100	30	1	3.91	4.91	1		0		1		
275	234	10	30	1	3.93	4.93	0		1		1		
44	159	102	30	1	3.94	4.94	2		0		0		
62	234	7	20	1	3.94	4.94	0		1		1		
137	234	8	10	1	3.94	4.94	0		1		1		
98	167	99	40	1	3.95	4.95	1		1		0		
262	162	101	10	1	3.95	4.95	0		2		0		
81	235	6	10	1	3.97	4.97	1		1		0		
12	171	98	30	1	3.98	4.98	0		0		2		
143	235	4	30	1	3.98	4.98	1		0		1		
159	235	5	10	1	3.98	4.98	1		1		0		
91	141	110	30	1	4.00	5.00	0		2		0		
280	237	7	10	1	4.01	5.01	1		0		1		
4	140	111	30	1	4.04	5.04	2		0		0		
279	237	3	20	1	4.04	5.04	1		1		0		
116	240	15	30	1	4.05	5.05	1		1		0		
132	134	113	10	1	4.05	5.05	0		0		2		
290	135	113	30	1	4.06	5.06	1		0		1		
95	139	112	40	1	4.07	5.07	0		0		2		
70	163	104	30	1	4.08	5.08	0		2		0		
192	164	104	30	1	4.10	5.10	1		1		0		
103	230	57	40	1	4.11	5.11	1		1		0		
173	235	49	30	1	4.11	5.11	0		0		2		
228	170	102	20	1	4.12	5.12	0		2		0		
212	173	101	30	1	4.13	5.13	2		0		0		
236	234	54	10	1	4.15	5.15	1		1		0		
260	234	56	40	1	4.18	5.18	2		0		0		
226	236	53	30	1	4.19	5.19	1		0		1		
165	160	108	30	1	4.20	5.20	1		0		1		
129	235	56	20	1	4.21	5.21	1		1		0		
134	236	55	30	1	4.21	5.21	0		2		0		
288	238	53	30	1	4.23	5.23	0		0		2		
7	157	111	10	1	4.28	5.28	1		1		0		
197	236	59	10	1	4.28	5.28	0		2		0		
146	237	59	40	1	4.30	5.30	0		1		1		
338	193	103	20	1	4.33	5.33	0		2		0		
182	191	105	30	1	4.37	5.37	0		0		2		
125	190	107	10	1	4.41	5.41	0		0		2		
268	235	68	10	1	4.42	5.42	0		0		2		
13	238	65	20	1	4.43	5.43	2		0		0		
246	181	104	30	1	4.43	5.38	1		1		0		
5	235	69	10	1	4.44	5.44	0		0		2		
223	240	64	20	1	4.45	5.45	0		2		0		
193	192	109	40	1	4.46	5.46	2		0		0		
73	241	64	40	1	4.47	5.47	0		1		1		
14	191	110	10	1	4.48	5.48	1		0		1		
335	189	110	40	1	4.48	5.48	0		2		0		
276	189	112	20	1	4.52	5.52	0		1		1		
54	175	103	10	1	4.54	5.24	0		2		0		
50	187	114	30	1	4.57	5.57	1		1		0		
285	199	110	40	1	5.04	5.56	1		1		0		
194	194	108	10	1	5.12	5.45	2		0		0		
240	230	102	30	1	5.20	6.00	0		1		1		
38	192	113	30	1	5.28	5.55	1		0		1		
263	226	106	40	1	5.30	6.00	2		0		0		
201	230	109	30	1	5.35	6.00	0		0		2		
243	231	109	10	1	5.35	6.00	1		0		1		
24	226	109	30	1	5.36	6.00	0		0		2		
329	225	110	40	1	5.39	6.00	1		1		0		
86	224	111	40	1	5.42	6.00	1		0		1		
21	232	113	10	1	5.44	6.00	0		1		1		
297	226	113	20	1	5.45	6.00	1		1		0		
264	168	146	40	1	5.67	6.00	0		2		0		
72	164	140	30	1	5.71	6.00	1		1		0		
110	166	146	30	1	5.75	6.00	2		0		0		
200	166	147	40	1	5.77	6.00	1		1		0		
140	164	144	20	1	5.79	6.00	1		1		0		
144	166	148	30	1	5.79	6.00	1		1		0		
124	160	140	40	1	5.90	6.00	0		0		2		
31	160	143	10	1	5.96	6.00	0		0		2		
203	163	150	30	1	5.96	6.00	0		0		2		
