301
0	150	150	0	0	0.00	20.00	0.00	20.00	0.00	20.00	0.00	20.00	0		0		0		
1	175	132	30	1	5.16	6.00	6.00	6.16	0.00	20.00	0.00	20.00	0		0		2		
2	138	193	30	1	0.00	20.00	8.23	9.23	0.00	20.00	0.00	20.00	1		1		0		
3	101	87	30	1	2.41	3.41	0.00	20.00	0.00	20.00	0.00	20.00	1		1		0		
4	239	216	40	1	0.00	20.00	8.44	9.44	7.81	8.81	7.73	8.73	0		0		2		
5	175	197	10	1	0.00	20.00	6.54	7.54	7.68	8.68	0.00	20.00	1		0		1		
6	157	199	10	1	0.00	20.00	7.21	8.21	0.00	20.00	0.00	20.00	0		2		0		
7	245	232	30	1	0.00	20.00	0.00	20.00	8.38	9.38	8.16	9.16	2		0		0		
8	228	120	40	1	5.59	6.00	0.00	20.00	6.00	6.43	6.00	6.59	0		1		1		
9	243	145	30	1	0.00	20.00	0.00	20.00	0.00	20.00	6.26	7.26	0		2		0		
10	69	57	30	1	0.69	1.69	0.00	20.00	0.00	20.00	0.00	20.00	0		2		0		
11	211	239	10	1	0.00	20.00	7.58	8.58	7.74	8.74	8.40	9.40	0		2		0		
12	216	69	30	1	4.02	5.02	0.00	20.00	0.00	20.00	0.00	20.00	0		0		2		
13	184	60	30	1	3.13	4.13	0.00	20.00	0.00	20.00	0.00	20.00	1		1		0		
14	190	221	20	1	0.00	20.00	6.89	7.89	7.62	8.62	0.00	20.00	0		2		0		
15	190	226	20	1	0.00	20.00	7.00	8.00	7.72	8.72	0.00	20.00	1		1		0		
16	166	153	30	1	5.89	6.00	6.00	6.89	0.00	20.00	0.00	20.00	1		1		0		
17	140	192	30	1	0.00	20.00	8.07	9.07	0.00	20.00	0.00	20.00	1		0		1		
18	231	92	40	1	4.98	5.98	0.00	20.00	0.00	20.00	0.00	20.00	2		0		0		
19	185	104	30	1	4.45	5.37	0.00	20.00	0.00	20.00	0.00	20.00	1		0		1		
20	141	211	30	1	0.00	20.00	8.34	9.34	0.00	20.00	0.00	20.00	2		0		0		
21	195	219	40	1	0.00	20.00	6.87	7.87	7.46	8.46	0.00	20.00	2		0		0		
22	151	117	20	1	4.46	5.46	0.00	20.00	0.00	20.00	0.00	20.00	2		0		0		
23	141	0	30	1	1.82	2.82	0.00	20.00	0.00	20.00	0.00	20.00	0		1		1		
24	253	23	20	1	4.36	5.36	0.00	20.00	0.00	20.00	0.00	20.00	1		0		1		
25	91	31	40	1	0.56	1.56	0.00	20.00	0.00	20.00	0.00	20.00	1		0		1		
26	226	183	40	1	0.00	20.00	7.05	8.05	6.71	7.71	6.97	7.97	0		1		1		
27	160	160	20	1	0.00	20.00	6.29	7.29	0.00	20.00	0.00	20.00	2		0		0		
28	148	59	40	1	2.33	3.33	0.00	20.00	0.00	20.00	0.00	20.00	1		1		0		
29	212	176	20	1	0.00	20.00	6.29	7.29	6.37	7.37	7.03	8.03	0		2		0		
30	164	232	20	1	0.00	20.00	7.59	8.59	0.00	20.00	0.00	20.00	1		0		1		
31	191	1	10	1	2.97	3.97	0.00	20.00	0.00	20.00	0.00	20.00	0		2		0		
32	42	56	10	1	0.20	1.20	0.00	20.00	0.00	20.00	0.00	20.00	1		0		1		
33	150	196	40	1	0.00	20.00	7.52	8.52	0.00	20.00	0.00	20.00	0		1		1		
34	223	67	30	1	4.13	5.13	0.00	20.00	0.00	20.00	0.00	20.00	1		0		1		
35	243	175	10	1	0.00	20.00	0.00	20.00	7.15	8.15	6.90	7.90	0		0		2		
36	157	189	30	1	0.00	20.00	7.01	8.01	0.00	20.00	0.00	20.00	0		2		0		
37	191	190	20	1	0.00	20.00	6.22	7.22	6.93	7.93	8.14	9.14	0		2		0		
38	194	229	20	1	0.00	20.00	7.08	8.08	7.69	8.69	0.00	20.00	0		2		0		
39	262	161	30	1	0.00	20.00	0.00	20.00	0.00	20.00	7.22	8.22	0		2		0		
40	198	224	40	1	0.00	20.00	7.00	8.00	7.51	8.51	8.50	9.50	0		1		1		
41	257	14	20	1	4.46	5.46	0.00	20.00	0.00	20.00	0.00	20.00	0		0		2		
42	240	140	20	1	0.00	20.00	0.00	20.00	0.00	20.00	6.10	7.10	1		1		0		
43	128	75	20	1	2.39	3.39	0.00	20.00	0.00	20.00	0.00	20.00	1		1		0		
44	212	190	40	1	0.00	20.00	6.58	7.58	6.68	7.68	7.33	8.33	0		1		1		
45	178	173	40	1	0.00	20.00	6.00	6.96	7.06	8.06	0.00	20.00	0		0		2		
46	248	237	30	1	0.00	20.00	0.00	20.00	0.00	20.00	8.33	9.33	0		1		1		
47	247	159	40	1	0.00	20.00	0.00	20.00	0.00	20.00	6.65	7.65	0		1		1		
48	125	19	10	1	1.31	2.31	0.00	20.00	0.00	20.00	0.00	20.00	2		0		0		
49	153	19	30	1	1.98	2.98	0.00	20.00	0.00	20.00	0.00	20.00	1		1		0		
50	45	60	30	1	0.42	1.42	0.00	20.00	0.00	20.00	0.00	20.00	1		1		0		
51	241	236	30	1	0.00	20.00	0.00	20.00	8.29	9.29	8.18	9.18	0		1		1		
52	186	96	40	1	4.19	5.18	0.00	20.00	0.00	20.00	0.00	20.00	1		0		1		
53	65	58	20	1	0.65	1.65	0.00	20.00	0.00	20.00	0.00	20.00	0		2		0		
54	160	86	40	1	3.36	4.36	0.00	20.00	0.00	20.00	0.00	20.00	1		0		1		
55	241	187	30	1	0.00	20.00	0.00	20.00	7.30	8.30	7.13	8.13	0		1		1		
56	155	116	10	1	4.47	5.47	0.00	20.00	0.00	20.00	0.00	20.00	0		0		2		
57	116	23	10	1	1.10	2.10	0.00	20.00	0.00	20.00	0.00	20.00	0		2		0		
58	171	223	30	1	0.00	20.00	7.19	8.19	8.39	9.39	0.00	20.00	0		1		1		
59	204	101	10	1	4.77	5.47	0.00	20.00	0.00	20.00	0.00	20.00	2		0		0		
60	233	146	10	1	0.00	20.00	0.00	20.00	6.14	7.14	6.16	7.16	0		2		0		
61	92	92	40	1	2.52	3.52	0.00	20.00	0.00	20.00	0.00	20.00	0		0		2		
62	194	192	10	1	0.00	20.00	6.27	7.27	6.90	7.90	8.03	9.03	0		1		1		
63	153	15	20	1	1.98	2.98	0.00	20.00	0.00	20.00	0.00	20.00	1		1		0		
64	159	14	40	1	2.13	3.13	0.00	20.00	0.00	20.00	0.00	20.00	1		0		1		
65	207	135	20	1	0.00	20.00	6.00	6.28	6.00	6.49	6.33	7.33	0		0		2		
66	151	6	20	1	1.99	2.99	0.00	20.00	0.00	20.00	0.00	20.00	2		0		0		
67	218	200	20	1	0.00	20.00	7.01	8.01	6.94	7.94	7.42	8.42	0		1		1		
68	227	219	10	1	0.00	20.00	7.80	8.80	7.50	8.50	7.74	8.74	1		0		1		
69	215	76	30	1	4.16	5.16	0.00	20.00	0.00	20.00	0.00	20.00	0		2		0		
70	157	12	10	1	2.09	3.09	0.00	20.00	0.00	20.00	0.00	20.00	0		0		2		
71	188	28	20	1	2.83	3.83	0.00	20.00	0.00	20.00	0.00	20.00	0		0		2		
72	160	157	40	1	0.00	20.00	6.23	7.23	0.00	20.00	0.00	20.00	1		1		0		
73	217	64	10	1	3.94	4.94	0.00	20.00	0.00	20.00	0.00	20.00	1		0		1		
74	247	12	30	1	4.23	5.23	0.00	20.00	0.00	20.00	0.00	20.00	1		1		0		
75	190	193	10	1	0.00	20.00	6.28	7.28	7.03	8.03	8.25	9.25	0		0		2		
76	175	164	30	1	0.00	20.00	6.00	6.83	7.03	8.03	0.00	20.00	0		0		2		
77	151	224	20	1	0.00	20.00	8.00	9.00	0.00	20.00	0.00	20.00	2		0		0		
78	193	197	20	1	0.00	20.00	6.38	7.38	7.03	8.03	8.17	9.17	1		1		0		
79	181	46	10	1	2.82	3.82	0.00	20.00	0.00	20.00	0.00	20.00	0		2		0		
80	178	204	20	1	0.00	20.00	6.63	7.63	7.68	8.68	0.00	20.00	1		1		0		
81	52	55	10	1	0.32	1.32	0.00	20.00	0.00	20.00	0.00	20.00	1		1		0		
82	119	3	30	1	1.28	2.28	0.00	20.00	0.00	20.00	0.00	20.00	0		1		1		
83	235	231	30	1	0.00	20.00	8.47	9.47	7.97	8.97	8.02	9.02	1		0		1		
84	151	18	30	1	1.93	2.93	0.00	20.00	0.00	20.00	0.00	20.00	0		1		1		
85	165	49	40	1	2.50	3.50	0.00	20.00	0.00	20.00	0.00	20.00	1		1		0		
86	275	181	10	1	0.00	20.00	0.00	20.00	0.00	20.00	8.30	9.30	0		2		0		
87	163	196	10	1	0.00	20.00	6.89	7.89	8.33	9.33	0.00	20.00	0		2		0		
88	187	98	40	1	4.27	5.23	0.00	20.00	0.00	20.00	0.00	20.00	0		0		2		
89	106	66	30	1	1.68	2.68	0.00	20.00	0.00	20.00	0.00	20.00	0		2		0		
90	86	66	40	1	1.31	2.31	0.00	20.00	0.00	20.00	0.00	20.00	0		1		1		
91	189	190	10	1	0.00	20.00	6.22	7.22	6.99	7.99	8.24	9.24	1		0		1		
92	114	72	10	1	2.03	3.03	0.00	20.00	0.00	20.00	0.00	20.00	2		0		0		
93	168	154	40	1	5.84	6.00	6.00	6.84	0.00	20.00	0.00	20.00	0		2		0		
94	160	10	20	1	2.17	3.17	0.00	20.00	0.00	20.00	0.00	20.00	0		2		0		
95	236	241	30	1	0.00	20.00	0.00	20.00	8.22	9.22	8.24	9.24	0		1		1		
96	234	143	20	1	0.00	20.00	0.00	20.00	6.12	7.12	6.10	7.10	1		0		1		
97	168	3	40	1	2.42	3.42	0.00	20.00	0.00	20.00	0.00	20.00	2		0		0		
98	191	195	20	1	0.00	20.00	6.33	7.33	7.04	8.04	8.23	9.23	2		0		0		
99	236	245	10	1	0.00	20.00	0.00	20.00	8.30	9.30	8.33	9.33	0		0		2		
100	76	71	40	1	1.35	2.35	0.00	20.00	0.00	20.00	0.00	20.00	2		0		0		
101	222	64	40	1	4.05	5.05	0.00	20.00	0.00	20.00	0.00	20.00	0		2		0		
102	93	63	40	1	1.33	2.33	0.00	20.00	0.00	20.00	0.00	20.00	1		0		1		
103	181	196	30	1	0.00	20.00	6.41	7.41	7.40	8.40	0.00	20.00	0		0		2		
104	191	152	20	1	0.00	20.00	6.00	6.39	6.13	7.13	0.00	20.00	0		0		2		
105	88	30	30	1	0.48	1.48	0.00	20.00	0.00	20.00	0.00	20.00	1		1		0		
106	126	62	20	1	1.95	2.95	0.00	20.00	0.00	20.00	0.00	20.00	0		2		0		
107	231	210	30	1	0.00	20.00	7.84	8.84	7.41	8.41	7.54	8.54	2		0		0		
108	164	156	10	1	0.00	20.00	6.03	7.03	0.00	20.00	0.00	20.00	0		2		0		
109	150	116	20	1	4.40	5.40	0.00	20.00	0.00	20.00	0.00	20.00	0		0		2		
110	169	222	20	1	0.00	20.00	7.22	8.22	8.47	9.47	0.00	20.00	2		0		0		
111	68	60	20	1	0.78	1.78	0.00	20.00	0.00	20.00	0.00	20.00	1		0		1		
112	247	15	30	1	4.22	5.22	0.00	20.00	0.00	20.00	0.00	20.00	0		0		2		
113	185	103	40	1	4.41	5.35	0.00	20.00	0.00	20.00	0.00	20.00	0		1		1		
114	133	121	30	1	4.42	5.42	0.00	20.00	0.00	20.00	0.00	20.00	0		1		1		
115	137	120	10	1	4.42	5.42	0.00	20.00	0.00	20.00	0.00	20.00	1		1		0		
116	165	90	10	1	3.59	4.59	0.00	20.00	0.00	20.00	0.00	20.00	0		2		0		
117	239	162	30	1	0.00	20.00	0.00	20.00	6.71	7.71	6.56	7.56	1		0		1		
118	183	145	10	1	0.00	20.00	6.00	6.28	6.28	7.28	0.00	20.00	1		1		0		
119	174	173	30	1	0.00	20.00	6.05	7.05	7.26	8.26	0.00	20.00	0		2		0		
120	143	79	10	1	2.80	3.80	0.00	20.00	0.00	20.00	0.00	20.00	0		0		2		
121	235	144	20	1	0.00	20.00	0.00	20.00	6.18	7.18	6.13	7.13	0		0		2		
122	233	125	30	1	5.71	6.00	0.00	20.00	6.00	6.71	6.00	6.70	2		0		0		
123	222	68	40	1	4.13	5.13	0.00	20.00	0.00	20.00	0.00	20.00	0		0		2		
124	161	190	20	1	0.00	20.00	6.85	7.85	8.34	9.34	0.00	20.00	0		2		0		
125	243	177	20	1	0.00	20.00	0.00	20.00	7.19	8.19	6.95	7.95	0		0		2		
126	229	146	10	1	0.00	20.00	0.00	20.00	6.01	7.01	6.15	7.15	0		0		2		
127	143	24	10	1	1.74	2.74	0.00	20.00	0.00	20.00	0.00	20.00	0		0		2		
128	189	202	30	1	0.00	20.00	6.48	7.48	7.24	8.24	8.47	9.47	0		0		2		
129	230	243	30	1	0.00	20.00	8.42	9.42	8.08	9.08	8.26	9.26	0		1		1		
130	194	57	30	1	3.30	4.30	0.00	20.00	0.00	20.00	0.00	20.00	0		1		1		
131	263	174	30	1	0.00	20.00	0.00	20.00	0.00	20.00	7.53	8.53	0		2		0		
132	133	107	40	1	3.76	4.76	0.00	20.00	0.00	20.00	0.00	20.00	2		0		0		
133	132	96	30	1	3.26	4.26	0.00	20.00	0.00	20.00	0.00	20.00	0		1		1		
134	228	14	20	1	3.77	4.77	0.00	20.00	0.00	20.00	0.00	20.00	0		1		1		
135	46	60	30	1	0.43	1.43	0.00	20.00	0.00	20.00	0.00	20.00	2		0		0		
136	225	109	30	1	5.37	6.00	0.00	20.00	6.00	6.11	6.00	6.37	0		1		1		
137	219	62	40	1	3.95	4.95	0.00	20.00	0.00	20.00	0.00	20.00	1		0		1		
138	160	6	10	1	2.20	3.20	0.00	20.00	0.00	20.00	0.00	20.00	1		1		0		
139	208	59	20	1	3.65	4.65	0.00	20.00	0.00	20.00	0.00	20.00	1		0		1		
140	149	187	30	1	0.00	20.00	7.40	8.40	0.00	20.00	0.00	20.00	2		0		0		
141	235	251	10	1	0.00	20.00	0.00	20.00	8.39	9.39	8.45	9.45	0		2		0		
142	171	217	40	1	0.00	20.00	7.06	8.06	8.27	9.27	0.00	20.00	1		0		1		
143	171	202	10	1	0.00	20.00	6.74	7.74	7.98	8.98	0.00	20.00	1		1		0		
144	192	2	40	1	2.99	3.99	0.00	20.00	0.00	20.00	0.00	20.00	0		2		0		
145	201	227	10	1	0.00	20.00	7.11	8.11	7.53	8.53	8.44	9.44	1		1		0		
146	220	169	30	1	0.00	20.00	6.47	7.47	6.29	7.29	6.72	7.72	1		1		0		
147	181	117	20	1	4.71	5.71	0.00	20.00	0.00	20.00	0.00	20.00	1		0		1		
148	156	8	30	1	2.09	3.09	0.00	20.00	0.00	20.00	0.00	20.00	0		2		0		
149	172	145	40	1	5.52	6.00	6.00	6.52	0.00	20.00	0.00	20.00	2		0		0		
150	187	112	20	1	4.53	5.53	0.00	20.00	0.00	20.00	0.00	20.00	1		1		0		
151	145	207	40	1	0.00	20.00	8.02	9.02	0.00	20.00	0.00	20.00	1		1		0		
152	139	90	10	1	3.13	4.13	0.00	20.00	0.00	20.00	0.00	20.00	0		2		0		
153	240	236	10	1	0.00	20.00	0.00	20.00	8.25	9.25	8.17	9.17	0		0		2		
154	135	96	30	1	3.31	4.31	0.00	20.00	0.00	20.00	0.00	20.00	0		1		1		
155	243	232	10	1	0.00	20.00	0.00	20.00	8.29	9.29	8.13	9.13	0		2		0		
156	228	211	10	1	0.00	20.00	7.69	8.69	7.35	8.35	7.57	8.57	0		0		2		
157	215	225	20	1	0.00	20.00	7.41	8.41	7.45	8.45	8.01	9.01	0		0		2		
158	65	57	30	1	0.62	1.62	0.00	20.00	0.00	20.00	0.00	20.00	2		0		0		
159	224	140	20	1	0.00	20.00	0.00	20.00	6.00	6.75	6.05	7.05	2		0		0		
160	244	184	30	1	0.00	20.00	0.00	20.00	7.38	8.38	7.12	8.12	1		0		1		
161	197	292	40	1	0.00	20.00	8.46	9.46	0.00	20.00	0.00	20.00	2		0		0		
162	234	246	40	1	0.00	20.00	0.00	20.00	8.26	9.26	8.34	9.34	0		1		1		
163	180	240	20	1	0.00	20.00	7.37	8.37	8.34	9.34	0.00	20.00	0		0		2		
164	190	269	40	1	0.00	20.00	7.93	8.93	0.00	20.00	0.00	20.00	0		0		2		
165	74	52	10	1	0.61	1.61	0.00	20.00	0.00	20.00	0.00	20.00	0		2		0		
166	212	75	20	1	4.18	5.07	0.00	20.00	0.00	20.00	0.00	20.00	1		0		1		
167	177	208	30	1	0.00	20.00	6.73	7.73	7.81	8.81	0.00	20.00	1		1		0		
168	237	241	40	1	0.00	20.00	0.00	20.00	8.25	9.25	8.25	9.25	2		0		0		
169	237	145	10	1	0.00	20.00	0.00	20.00	6.28	7.28	6.17	7.17	1		0		1		
170	216	64	30	1	3.92	4.92	0.00	20.00	0.00	20.00	0.00	20.00	0		2		0		
171	141	13	30	1	1.71	2.71	0.00	20.00	0.00	20.00	0.00	20.00	0		0		2		
172	235	232	40	1	0.00	20.00	8.49	9.49	8.00	9.00	8.04	9.04	1		1		0		
173	239	143	30	1	0.00	20.00	0.00	20.00	6.33	7.33	6.15	7.15	1		0		1		
174	198	127	40	1	5.43	5.91	0.00	20.00	6.00	6.43	0.00	20.00	0		2		0		
175	197	222	40	1	0.00	20.00	6.95	7.95	7.48	8.48	8.50	9.50	1		0		1		
176	151	114	10	1	4.32	5.32	0.00	20.00	0.00	20.00	0.00	20.00	0		1		1		
177	135	118	20	1	4.30	5.30	0.00	20.00	0.00	20.00	0.00	20.00	0		2		0		
178	143	216	20	1	0.00	20.00	8.31	9.31	0.00	20.00	0.00	20.00	0		2		0		
179	173	199	10	1	0.00	20.00	6.63	7.63	7.82	8.82	0.00	20.00	0		0		2		
180	49	63	40	1	0.61	1.61	0.00	20.00	0.00	20.00	0.00	20.00	0		1		1		
181	192	191	40	1	0.00	20.00	6.24	7.24	6.93	7.93	8.11	9.11	1		0		1		
182	164	160	10	1	0.00	20.00	6.11	7.11	0.00	20.00	0.00	20.00	0		0		2		
183	49	59	20	1	0.43	1.43	0.00	20.00	0.00	20.00	0.00	20.00	0		0		2		
184	181	86	30	1	4.04	4.75	0.00	20.00	0.00	20.00	0.00	20.00	1		0		1		
185	197	40	20	1	3.12	4.12	0.00	20.00	0.00	20.00	0.00	20.00	1		1		0		
186	206	207	20	1	0.00	20.00	6.77	7.77	7.05	8.05	7.86	8.86	1		0		1		
187	142	9	20	1	1.75	2.75	0.00	20.00	0.00	20.00	0.00	20.00	2		0		0		
188	70	52	40	1	0.54	1.54	0.00	20.00	0.00	20.00	0.00	20.00	0		2		0		
189	246	15	10	1	4.20	5.20	0.00	20.00	0.00	20.00	0.00	20.00	2		0		0		
190	140	193	10	1	0.00	20.00	8.09	9.09	0.00	20.00	0.00	20.00	2		0		0		
191	241	20	30	1	4.07	5.07	0.00	20.00	0.00	20.00	0.00	20.00	1		0		1		
192	92	10	20	1	0.57	1.57	0.00	20.00	0.00	20.00	0.00	20.00	0		2		0		
193	162	200	20	1	0.00	20.00	7.01	8.01	8.46	9.46	0.00	20.00	1		0		1		
194	92	65	40	1	1.38	2.38	0.00	20.00	0.00	20.00	0.00	20.00	0		0		2		
195	189	188	40	1	0.00	20.00	6.17	7.17	6.95	7.95	8.20	9.20	1		1		0		
196	172	206	20	1	0.00	20.00	6.80	7.80	8.01	9.01	0.00	20.00	0		2		0		
197	190	38	30	1	2.94	3.94	0.00	20.00	0.00	20.00	0.00	20.00	0		1		1		
198	138	97	20	1	3.40	4.40	0.00	20.00	0.00	20.00	0.00	20.00	0		0		2		
199	143	46	30	1	1.96	2.96	0.00	20.00	0.00	20.00	0.00	20.00	0		1		1		
200	144	118	20	1	4.41	5.41	0.00	20.00	0.00	20.00	0.00	20.00	0		1		1		
201	234	244	40	1	0.00	20.00	0.00	20.00	8.22	9.22	8.29	9.29	1		0		1		
202	188	257	10	1	0.00	20.00	7.68	8.68	8.43	9.43	0.00	20.00	0		0		2		
203	241	13	30	1	4.08	5.08	0.00	20.00	0.00	20.00	0.00	20.00	2		0		0		
204	207	183	40	1	0.00	20.00	6.29	7.29	6.53	7.53	7.33	8.33	0		1		1		
205	238	247	10	1	0.00	20.00	0.00	20.00	8.41	9.41	8.39	9.39	1		0		1		
206	193	126	30	1	5.53	5.83	0.00	20.00	6.00	6.53	0.00	20.00	0		2		0		
207	176	126	40	1	5.00	6.00	6.00	6.00	0.00	20.00	0.00	20.00	0		2		0		
208	199	190	40	1	0.00	20.00	6.28	7.28	6.76	7.76	7.76	8.76	0		1		1		
209	188	99	30	1	4.32	5.24	0.00	20.00	0.00	20.00	0.00	20.00	0		2		0		
210	220	214	30	1	0.00	20.00	7.38	8.38	7.26	8.26	7.70	8.70	1		0		1		
211	159	200	30	1	0.00	20.00	7.14	8.14	0.00	20.00	0.00	20.00	0		0		2		
212	135	44	10	1	1.74	2.74	0.00	20.00	0.00	20.00	0.00	20.00	0		1		1		
213	192	187	10	1	0.00	20.00	6.16	7.16	6.84	7.84	8.03	9.03	0		1		1		
214	164	196	20	1	0.00	20.00	6.85	7.85	8.26	9.26	0.00	20.00	1		0		1		
215	193	229	30	1	0.00	20.00	7.07	8.07	7.71	8.71	0.00	20.00	2		0		0		
216	203	68	40	1	3.72	4.72	0.00	20.00	0.00	20.00	0.00	20.00	1		0		1		
217	173	34	20	1	2.51	3.51	0.00	20.00	0.00	20.00	0.00	20.00	1		1		0		
218	91	54	30	1	1.01	2.01	0.00	20.00	0.00	20.00	0.00	20.00	0		2		0		
219	166	152	30	1	5.87	6.00	6.00	6.87	0.00	20.00	0.00	20.00	1		1		0		
220	192	220	40	1	0.00	20.00	6.87	7.87	7.54	8.54	0.00	20.00	0		0		2		
221	245	238	40	1	0.00	20.00	0.00	20.00	0.00	20.00	8.29	9.29	0		1		1		
222	159	163	10	1	0.00	20.00	6.40	7.40	0.00	20.00	0.00	20.00	0		1		1		
223	187	238	30	1	0.00	20.00	7.27	8.27	8.06	9.06	0.00	20.00	1		0		1		
224	200	162	10	1	0.00	20.00	6.00	6.69	6.14	7.14	7.15	8.15	2		0		0		
225	174	34	10	1	2.53	3.53	0.00	20.00	0.00	20.00	0.00	20.00	2		0		0		
226	163	150	10	1	5.96	6.00	6.00	6.96	0.00	20.00	0.00	20.00	2		0		0		
227	109	66	30	1	1.73	2.73	0.00	20.00	0.00	20.00	0.00	20.00	0		1		1		
228	134	97	20	1	3.33	4.33	0.00	20.00	0.00	20.00	0.00	20.00	1		0		1		
229	200	227	10	1	0.00	20.00	7.09	8.09	7.54	8.54	8.48	9.48	1		0		1		
230	153	115	40	1	4.40	5.40	0.00	20.00	0.00	20.00	0.00	20.00	0		0		2		
231	240	144	10	1	0.00	20.00	0.00	20.00	6.39	7.39	6.19	7.19	0		2		0		
232	137	98	40	1	3.42	4.42	0.00	20.00	0.00	20.00	0.00	20.00	0		2		0		
233	219	81	20	1	4.37	5.37	0.00	20.00	0.00	20.00	0.00	20.00	2		0		0		
234	65	59	30	1	0.69	1.69	0.00	20.00	0.00	20.00	0.00	20.00	0		0		2		
235	236	247	30	1	0.00	20.00	0.00	20.00	8.34	9.34	8.37	9.37	1		1		0		
236	117	18	20	1	1.12	2.12	0.00	20.00	0.00	20.00	0.00	20.00	1		0		1		
237	213	117	40	1	5.76	6.00	0.00	20.00	6.00	6.09	6.00	6.76	0		2		0		
238	248	12	20	1	4.25	5.25	0.00	20.00	0.00	20.00	0.00	20.00	0		0		2		
239	67	55	40	1	0.58	1.58	0.00	20.00	0.00	20.00	0.00	20.00	0		0		2		
240	156	200	40	1	0.00	20.00	7.28	8.28	0.00	20.00	0.00	20.00	0		2		0		
241	170	204	30	1	0.00	20.00	6.81	7.81	8.07	9.07	0.00	20.00	0		1		1		
242	98	8	10	1	0.73	1.73	0.00	20.00	0.00	20.00	0.00	20.00	1		1		0		
243	204	214	30	1	0.00	20.00	6.88	7.88	7.22	8.22	8.07	9.07	1		1		0		
244	159	198	40	1	0.00	20.00	7.10	8.10	0.00	20.00	0.00	20.00	0		2		0		
245	215	72	10	1	4.07	5.07	0.00	20.00	0.00	20.00	0.00	20.00	0		0		2		
246	136	98	40	1	3.41	4.41	0.00	20.00	0.00	20.00	0.00	20.00	1		0		1		
247	141	190	30	1	0.00	20.00	7.97	8.97	0.00	20.00	0.00	20.00	1		1		0		
248	233	139	40	1	0.00	20.00	0.00	20.00	6.00	7.00	6.01	7.01	2		0		0		
249	169	80	20	1	3.33	4.33	0.00	20.00	0.00	20.00	0.00	20.00	0		2		0		
250	188	101	40	1	4.39	5.29	0.00	20.00	0.00	20.00	0.00	20.00	1		0		1		
251	42	53	30	1	0.07	1.07	0.00	20.00	0.00	20.00	0.00	20.00	1		1		0		
252	191	239	40	1	0.00	20.00	7.28	8.28	7.97	8.97	0.00	20.00	1		1		0		
253	241	233	30	1	0.00	20.00	0.00	20.00	8.23	9.23	8.12	9.12	2		0		0		
254	149	6	40	1	1.94	2.94	0.00	20.00	0.00	20.00	0.00	20.00	2		0		0		
255	152	12	10	1	1.97	2.97	0.00	20.00	0.00	20.00	0.00	20.00	0		1		1		
256	157	233	40	1	0.00	20.00	7.89	8.89	0.00	20.00	0.00	20.00	0		2		0		
257	124	65	20	1	1.99	2.99	0.00	20.00	0.00	20.00	0.00	20.00	1		1		0		
258	239	230	10	1	0.00	20.00	0.00	20.00	8.09	9.09	8.03	9.03	1		1		0		
259	242	60	10	1	4.43	5.43	0.00	20.00	0.00	20.00	0.00	20.00	1		0		1		
260	169	205	40	1	0.00	20.00	6.87	7.87	8.15	9.15	0.00	20.00	1		0		1		
261	184	286	30	1	0.00	20.00	8.33	9.33	0.00	20.00	0.00	20.00	1		1		0		
262	214	70	20	1	4.00	5.00	0.00	20.00	0.00	20.00	0.00	20.00	0		1		1		
263	167	201	20	1	0.00	20.00	6.85	7.85	8.18	9.18	0.00	20.00	2		0		0		
264	160	8	10	1	2.19	3.19	0.00	20.00	0.00	20.00	0.00	20.00	1		0		1		
265	166	154	40	1	5.91	6.00	6.00	6.91	0.00	20.00	0.00	20.00	1		0		1		
266	151	15	10	1	1.94	2.94	0.00	20.00	0.00	20.00	0.00	20.00	0		1		1		
267	229	6	10	1	3.83	4.83	0.00	20.00	0.00	20.00	0.00	20.00	1		0		1		
268	123	19	30	1	1.26	2.26	0.00	20.00	0.00	20.00	0.00	20.00	0		1		1		
269	183	132	40	1	5.00	6.00	6.00	6.00	0.00	20.00	0.00	20.00	0		2		0		
270	138	50	10	1	1.92	2.92	0.00	20.00	0.00	20.00	0.00	20.00	1		1		0		
271	184	55	20	1	3.04	4.04	0.00	20.00	0.00	20.00	0.00	20.00	2		0		0		
272	250	15	30	1	4.29	5.29	0.00	20.00	0.00	20.00	0.00	20.00	0		1		1		
273	43	57	10	1	0.26	1.26	0.00	20.00	0.00	20.00	0.00	20.00	0		1		1		
274	160	200	10	1	0.00	20.00	7.09	8.09	0.00	20.00	0.00	20.00	0		1		1		
275	231	166	40	1	0.00	20.00	7.01	8.01	6.49	7.49	6.59	7.59	1		0		1		
276	64	52	40	1	0.42	1.42	0.00	20.00	0.00	20.00	0.00	20.00	0		2		0		
277	139	188	10	1	0.00	20.00	8.07	9.07	0.00	20.00	0.00	20.00	0		1		1		
278	67	58	10	1	0.69	1.69	0.00	20.00	0.00	20.00	0.00	20.00	0		2		0		
279	173	223	40	1	0.00	20.00	7.14	8.14	8.29	9.29	0.00	20.00	0		0		2		
280	235	244	30	1	0.00	20.00	0.00	20.00	8.25	9.25	8.30	9.30	1		0		1		
281	170	198	20	1	0.00	20.00	6.69	7.69	7.96	8.96	0.00	20.00	2		0		0		
282	224	20	10	1	3.67	4.67	0.00	20.00	0.00	20.00	0.00	20.00	1		0		1		
283	190	224	30	1	0.00	20.00	6.96	7.96	7.68	8.68	0.00	20.00	1		0		1		
284	164	59	40	1	2.67	3.67	0.00	20.00	0.00	20.00	0.00	20.00	0		1		1		
285	236	209	20	1	0.00	20.00	8.12	9.12	7.55	8.55	7.55	8.55	1		0		1		
286	193	261	30	1	0.00	20.00	7.77	8.77	8.40	9.40	0.00	20.00	0		0		2		
287	194	223	30	1	0.00	20.00	6.95	7.95	7.56	8.56	0.00	20.00	0		1		1		
288	197	207	20	1	0.00	20.00	6.62	7.62	7.16	8.16	8.19	9.19	1		0		1		
289	162	199	30	1	0.00	20.00	6.99	7.99	8.44	9.44	0.00	20.00	1		1		0		
290	140	189	10	1	0.00	20.00	8.02	9.02	0.00	20.00	0.00	20.00	2		0		0		
291	219	77	30	1	4.27	5.27	0.00	20.00	0.00	20.00	0.00	20.00	2		0		0		
292	187	186	40	1	0.00	20.00	6.14	7.14	6.97	7.97	8.28	9.28	1		0		1		
293	138	94	10	1	3.27	4.27	0.00	20.00	0.00	20.00	0.00	20.00	0		1		1		
294	124	37	30	1	1.39	2.39	0.00	20.00	0.00	20.00	0.00	20.00	2		0		0		
295	186	102	30	1	4.39	5.32	0.00	20.00	0.00	20.00	0.00	20.00	0		0		2		
296	245	15	20	1	4.17	5.17	0.00	20.00	0.00	20.00	0.00	20.00	0		1		1		
297	64	60	20	1	0.71	1.71	0.00	20.00	0.00	20.00	0.00	20.00	0		0		2		
298	137	100	20	1	3.51	4.51	0.00	20.00	0.00	20.00	0.00	20.00	0		0		2		
299	238	235	20	1	0.00	20.00	0.00	20.00	8.16	9.16	8.13	9.13	0		2		0		
300	111	60	40	1	1.59	2.59	0.00	20.00	0.00	20.00	0.00	20.00	1		0		1		
