0	150	150	0	0	0.00	20.00	0		0		0		
2	216	61	20	1	3.86	4.86	2		0		0		
3	197	125	30	1	5.41	5.85	2		0		0		
5	159	28	10	1	2.14	3.14	0		0		2		
7	232	55	10	1	4.12	5.12	0		0		2		
8	120	72	10	1	2.14	3.14	2		0		0		
10	145	57	10	1	2.22	3.22	0		2		0		
13	221	110	20	1	5.44	6.00	0		0		2		
14	226	110	30	1	5.38	6.00	1		1		0		
19	92	69	20	1	1.53	2.53	0		2		0		
21	219	105	20	1	5.36	5.90	0		0		2		
22	151	14	30	1	1.94	2.94	1		0		1		
23	183	74	40	1	3.44	4.44	1		1		0		
26	176	88	40	1	3.72	4.72	0		2		0		
27	232	136	20	1	5.94	6.00	0		0		2		
32	67	77	40	1	1.49	2.49	0		0		2		
34	175	57	20	1	2.87	3.87	1		0		1		
37	116	18	40	1	1.10	2.10	1		1		0		
40	190	109	30	1	4.46	5.46	1		1		0		
41	229	106	40	1	5.28	6.00	0		1		1		
42	161	38	20	1	2.26	3.26	0		2		0		
43	178	9	30	1	2.60	3.60	0		1		1		
44	224	102	30	1	5.23	5.94	1		1		0		
45	140	60	30	1	2.18	3.18	0		1		1		
46	190	88	10	1	4.00	4.99	1		0		1		
47	173	122	10	1	5.00	6.00	0		2		0		
48	237	52	40	1	4.19	5.19	0		2		0		
49	159	53	40	1	2.44	3.44	0		2		0		
53	236	59	20	1	4.28	5.28	0		0		2		
54	150	34	30	1	1.97	2.97	2		0		0		
55	187	59	40	1	3.18	4.18	0		2		0		
57	223	129	30	1	5.82	6.00	0		2		0		
58	101	96	10	1	2.82	3.82	0		2		0		
59	146	67	40	1	2.49	3.49	1		0		1		
60	219	2	40	1	3.62	4.62	2		0		0		
61	192	106	30	1	4.40	5.40	0		0		2		
64	135	93	20	1	3.19	4.19	1		1		0		
65	102	10	20	1	0.80	1.80	1		1		0		
66	200	82	40	1	4.01	5.01	0		1		1		
67	219	73	20	1	4.18	5.18	0		0		2		
69	76	85	10	1	1.99	2.99	1		0		1		
70	147	0	10	1	1.96	2.96	1		0		1		
74	193	110	10	1	5.19	5.49	1		0		1		
75	164	125	40	1	5.41	6.00	0		1		1		
78	197	107	30	1	5.02	5.46	0		0		2		
81	204	122	30	1	5.23	5.92	0		0		2		
82	231	65	20	1	4.27	5.27	1		1		0		
83	149	16	40	1	1.89	2.89	0		1		1		
85	109	25	10	1	0.94	1.94	1		1		0		
86	109	11	20	1	0.96	1.96	1		0		1		
87	181	25	30	1	2.65	3.65	1		1		0		
89	196	137	40	1	5.68	6.00	0		1		1		
90	83	51	40	1	0.76	1.76	1		0		1		
91	123	14	40	1	1.28	2.28	0		2		0		
93	190	111	10	1	4.50	5.50	1		1		0		
97	241	64	20	1	4.47	5.47	2		0		0		
99	143	66	10	1	2.40	3.40	0		0		2		
100	195	109	10	1	5.11	5.48	0		1		1		
103	95	17	30	1	0.60	1.60	0		1		1		
104	196	119	30	1	5.30	5.71	0		0		2		
106	152	109	20	1	4.12	5.12	0		1		1		
108	97	47	20	1	0.96	1.96	1		0		1		
109	210	69	20	1	3.89	4.89	1		1		0		
110	69	33	20	1	0.07	1.07	1		1		0		
111	222	131	30	1	5.88	6.00	0		1		1		
112	132	6	20	1	1.54	2.54	2		0		0		
115	162	61	20	1	2.68	3.68	0		0		2		
116	145	117	40	1	4.38	5.38	0		0		2		
117	173	126	30	1	5.09	6.00	1		1		0		
118	144	65	20	1	2.40	3.40	1		0		1		
119	125	67	10	1	2.07	3.07	1		1		0		
120	68	78	10	1	1.55	2.55	0		0		2		
124	177	57	20	1	2.92	3.92	0		1		1		
125	146	71	30	1	2.61	3.61	1		1		0		
126	202	111	20	1	5.01	5.64	0		1		1		
130	174	37	20	1	2.56	3.56	0		1		1		
131	109	75	30	1	2.05	3.05	0		0		2		
136	217	129	40	1	5.92	6.00	1		0		1		
137	226	38	20	1	3.79	4.79	1		0		1		
139	202	129	40	1	5.40	6.00	0		1		1		
140	74	30	30	1	0.15	1.15	0		1		1		
141	122	15	10	1	1.25	2.25	1		0		1		
143	227	99	40	1	5.14	6.00	2		0		0		
146	169	80	30	1	3.33	4.33	0		2		0		
148	112	113	40	1	3.78	4.78	0		1		1		
150	236	60	40	1	4.29	5.29	2		0		0		
152	232	57	40	1	4.15	5.15	0		1		1		
154	211	72	10	1	3.98	4.98	1		0		1		
155	225	85	20	1	4.85	5.85	1		1		0		
156	95	3	10	1	0.72	1.72	0		2		0		
157	140	76	40	1	2.65	3.65	1		0		1		
158	184	56	30	1	3.05	4.05	0		0		2		
160	102	12	40	1	0.79	1.79	0		2		0		
161	240	120	10	1	5.67	6.00	2		0		0		
164	208	123	10	1	5.22	6.00	0		2		0		
165	151	4	10	1	2.01	3.01	0		2		0		
166	241	63	20	1	4.46	5.46	0		0		2		
167	145	63	40	1	2.36	3.36	0		1		1		
169	232	65	30	1	4.29	5.29	0		0		2		
170	143	61	40	1	2.27	3.27	0		1		1		
171	127	102	10	1	3.45	4.45	0		1		1		
172	222	103	10	1	5.27	5.91	0		1		1		
173	224	24	40	1	3.67	4.67	0		1		1		
176	91	17	30	1	0.50	1.50	0		0		2		
179	199	127	20	1	5.41	5.92	0		0		2		
180	191	108	10	1	4.44	5.44	1		1		0		
182	181	3	30	1	2.72	3.72	0		1		1		
186	207	94	40	1	4.60	5.60	1		1		0		
188	200	138	10	1	5.63	6.00	0		0		2		
189	145	8	20	1	1.83	2.83	1		1		0		
190	188	111	20	1	4.50	5.50	0		0		2		
191	206	128	40	1	5.34	6.00	0		1		1		
192	96	16	20	1	0.63	1.63	0		0		2		
201	98	13	10	1	0.69	1.69	1		0		1		
202	183	93	30	1	4.16	5.02	0		1		1		
205	126	107	40	1	3.66	4.66	0		0		2		
207	126	124	20	1	4.49	5.49	0		1		1		
208	190	101	30	1	4.43	5.28	1		1		0		
0	0	0	0	0	0.00	0.00	0		0		0		
1	193	162	5	1	6.00	6.62	2		0		0		
4	199	143	10	1	6.00	6.27	1		1		0		
6	172	230	20	1	7.31	8.31	0		1		1		
12	168	247	15	1	7.78	8.78	0		0		2		
15	194	180	5	1	6.01	7.01	0		0		2		
16	227	240	5	1	8.21	9.21	0		1		1		
17	192	160	20	1	6.00	6.57	2		0		0		
18	154	234	10	1	8.05	9.05	2		0		0		
20	211	159	10	1	6.00	6.90	2		0		0		
24	160	140	5	1	6.00	6.90	0		0		2		
25	217	222	10	1	7.42	8.42	0		0		2		
28	176	250	5	1	7.65	8.65	1		0		1		
30	238	212	10	1	8.30	9.30	0		2		0		
31	196	150	10	1	6.00	6.38	1		0		1		
35	179	232	15	1	7.21	8.21	1		0		1		
36	168	255	10	1	7.95	8.95	0		1		1		
38	187	165	15	1	6.00	6.68	0		0		2		
39	189	143	15	1	6.00	6.20	0		1		1		
50	159	265	20	1	8.46	9.46	0		2		0		
51	174	250	20	1	7.69	8.69	0		1		1		
52	158	188	10	1	6.94	7.94	0		0		2		
56	196	282	15	1	8.24	9.24	0		1		1		
62	230	231	15	1	8.19	9.19	0		0		2		
63	227	242	10	1	8.25	9.25	2		0		0		
68	231	217	5	1	7.97	8.97	0		0		2		
72	216	253	20	1	8.03	9.03	1		1		0		
73	221	224	15	1	7.62	8.62	0		0		2		
76	224	149	15	1	6.28	7.28	1		0		1		
77	239	211	10	1	8.34	9.34	1		1		0		
79	220	227	10	1	7.64	8.64	2		0		0		
80	197	269	15	1	7.97	8.97	1		1		0		
84	200	277	20	1	8.17	9.17	0		0		2		
88	232	215	20	1	7.99	8.99	0		0		2		
92	174	259	10	1	7.88	8.88	1		0		1		
94	228	176	20	1	7.02	8.02	0		1		1		
95	238	216	5	1	8.37	9.37	0		2		0		
96	194	271	10	1	7.99	8.99	1		1		0		
98	143	206	10	1	8.12	9.12	0		2		0		
102	235	213	15	1	8.13	9.13	2		0		0		
105	226	220	20	1	7.77	8.77	0		1		1		
107	226	223	5	1	7.83	8.83	1		1		0		
113	196	277	15	1	8.13	9.13	2		0		0		
114	152	162	10	1	6.76	7.76	0		0		2		
121	167	249	20	1	7.85	8.85	1		1		0		
123	172	252	10	1	7.78	8.78	0		0		2		
127	230	221	20	1	7.99	8.99	0		1		1		
128	192	236	20	1	7.22	8.22	0		1		1		
129	187	268	20	1	7.92	8.92	0		0		2		
132	223	224	10	1	7.71	8.71	0		1		1		
133	177	166	5	1	6.00	6.83	0		2		0		
134	187	151	5	1	6.00	6.38	0		1		1		
138	195	166	15	1	6.00	6.72	0		1		1		
142	228	236	10	1	8.18	9.18	0		0		2		
144	187	166	20	1	6.00	6.70	0		1		1		
147	183	208	5	1	6.64	7.64	0		1		1		
149	207	155	20	1	6.00	6.70	2		0		0		
151	229	241	20	1	8.33	9.33	1		0		1		
153	148	219	20	1	8.07	9.07	1		0		1		
162	200	275	20	1	8.13	9.13	2		0		0		
163	227	217	10	1	7.76	8.76	0		1		1		
168	160	158	15	1	6.25	7.25	0		0		2		
174	177	179	5	1	6.11	7.11	0		1		1		
175	216	157	5	1	6.05	7.05	1		0		1		
177	181	233	10	1	7.21	8.21	0		1		1		
178	195	167	5	1	6.00	6.74	0		0		2		
183	160	136	15	1	6.00	6.82	2		0		0		
187	193	160	20	1	6.00	6.57	2		0		0		
193	199	277	10	1	8.16	9.16	0		0		2		
194	203	274	10	1	8.15	9.15	0		0		2		
195	167	257	5	1	8.02	9.02	0		1		1		
196	234	220	5	1	8.20	9.20	0		0		2		
197	229	240	10	1	8.31	9.31	1		0		1		
198	227	222	5	1	7.86	8.86	1		0		1		
199	216	209	20	1	7.12	8.12	2		0		0		
200	166	250	10	1	7.90	8.90	0		1		1		
203	203	275	10	1	8.17	9.17	2		0		0		
204	179	206	5	1	6.65	7.65	1		0		1		
0	0	0	0	0	0.00	0.00	0		0		0		
