1	117	80	30	1	2.38	3.38	1		1		0		
4	148	29	10	1	1.88	2.88	1		1		0		
6	193	29	10	1	2.95	3.95	0		2		0		
11	244	116	30	1	5.66	6.00	1		0		1		
12	190	31	20	1	2.89	3.89	0		2		0		
13	125	107	20	1	3.65	4.65	0		0		2		
14	204	86	10	1	4.45	5.20	0		1		1		
16	200	138	20	1	5.63	6.00	0		1		1		
18	184	14	40	1	2.72	3.72	0		2		0		
19	226	117	10	1	5.54	6.00	0		2		0		
20	130	53	30	1	1.80	2.80	1		1		0		
21	146	101	30	1	3.69	4.69	1		0		1		
23	73	62	10	1	0.94	1.94	1		1		0		
24	201	105	10	1	4.90	5.49	2		0		0		
25	141	89	20	1	3.13	4.13	0		2		0		
26	210	44	10	1	3.47	4.47	2		0		0		
27	243	7	30	1	4.15	5.15	0		2		0		
29	93	20	30	1	0.55	1.55	2		0		0		
30	215	62	10	1	3.86	4.86	0		1		1		
31	164	50	40	1	2.50	3.50	1		1		0		
33	73	5	10	1	0.19	1.19	0		1		1		
34	148	77	20	1	2.83	3.83	0		2		0		
35	150	104	10	1	3.88	4.88	0		2		0		
38	227	81	10	1	4.75	5.75	2		0		0		
40	188	43	20	1	2.95	3.95	2		0		0		
42	86	6	10	1	0.47	1.47	0		0		2		
43	228	20	30	1	3.76	4.76	0		2		0		
44	147	61	30	1	2.36	3.36	0		0		2		
45	101	28	10	1	0.77	1.77	0		1		1		
46	215	75	20	1	4.14	5.14	2		0		0		
49	97	36	10	1	0.76	1.76	1		0		1		
52	117	88	40	1	2.70	3.70	2		0		0		
53	178	127	40	1	4.98	5.98	0		2		0		
55	91	84	40	1	2.14	3.14	0		2		0		
56	151	76	30	1	2.86	3.86	1		1		0		
58	175	148	30	1	5.50	6.00	0		0		2		
62	112	69	40	1	1.89	2.89	2		0		0		
63	58	70	30	1	1.05	2.05	0		2		0		
65	76	61	10	1	0.96	1.96	2		0		0		
67	145	93	30	1	3.35	4.35	0		1		1		
68	197	8	40	1	3.06	4.06	0		2		0		
69	237	130	20	1	5.84	6.00	0		1		1		
71	243	123	40	1	5.79	6.00	2		0		0		
73	132	42	10	1	1.64	2.64	0		1		1		
78	125	123	30	1	4.43	5.43	2		0		0		
81	161	31	30	1	2.20	3.20	1		0		1		
82	100	26	30	1	0.73	1.73	1		1		0		
83	241	113	30	1	5.54	6.00	0		1		1		
85	117	44	40	1	1.34	2.34	1		1		0		
87	155	38	30	1	2.12	3.12	0		0		2		
91	180	60	10	1	3.04	4.04	0		1		1		
92	171	77	40	1	3.28	4.28	0		1		1		
93	117	23	20	1	1.12	2.12	1		1		0		
94	174	42	30	1	2.61	3.61	0		0		2		
95	164	68	30	1	2.89	3.89	1		1		0		
96	236	91	10	1	4.99	5.99	0		0		2		
97	152	28	20	1	1.97	2.97	0		0		2		
98	197	93	30	1	4.28	5.16	0		2		0		
100	174	127	30	1	5.08	6.00	0		0		2		
101	197	81	10	1	3.92	4.90	2		0		0		
102	212	49	40	1	3.58	4.58	0		0		2		
104	117	43	40	1	1.32	2.32	0		1		1		
105	130	93	30	1	3.11	4.11	1		1		0		
106	161	110	20	1	4.30	5.30	1		0		1		
107	168	16	30	1	2.34	3.34	0		2		0		
108	143	84	20	1	2.98	3.98	1		1		0		
109	138	92	40	1	3.19	4.19	1		1		0		
110	160	18	20	1	2.14	3.14	1		1		0		
111	167	153	10	1	5.85	6.00	0		2		0		
113	149	113	40	1	4.25	5.25	1		0		1		
116	161	146	30	1	5.97	6.00	0		1		1		
117	204	96	20	1	4.66	5.66	1		0		1		
118	102	100	30	1	3.03	4.03	0		1		1		
119	140	17	10	1	1.67	2.67	0		1		1		
121	120	93	40	1	2.95	3.95	0		2		0		
122	111	41	10	1	1.15	2.15	0		0		2		
123	80	43	40	1	0.50	1.50	1		0		1		
124	83	43	40	1	0.57	1.57	1		1		0		
125	150	67	10	1	2.57	3.57	1		1		0		
127	187	4	10	1	2.85	3.85	1		1		0		
132	173	77	10	1	3.32	4.32	0		1		1		
135	179	116	40	1	4.72	5.72	1		1		0		
136	212	110	30	1	4.94	5.94	2		0		0		
137	192	80	40	1	3.83	4.79	0		2		0		
140	114	26	30	1	1.06	2.06	1		0		1		
141	182	38	20	1	2.75	3.75	2		0		0		
142	50	49	10	1	0.06	1.06	1		1		0		
145	231	90	20	1	4.94	5.94	1		0		1		
146	191	61	20	1	3.31	4.31	0		1		1		
147	249	2	20	1	4.33	5.33	0		0		2		
151	206	93	20	1	4.58	5.46	0		0		2		
152	243	127	10	1	5.88	6.00	0		1		1		
153	220	133	40	1	5.95	6.00	2		0		0		
154	225	127	10	1	5.76	6.00	0		1		1		
155	190	83	20	1	3.89	4.84	0		2		0		
157	84	40	10	1	0.53	1.53	0		2		0		
159	231	134	20	1	5.89	6.00	1		1		0		
160	206	12	30	1	3.25	4.25	1		1		0		
161	136	108	40	1	3.84	4.84	0		0		2		
162	186	117	40	1	4.65	5.65	0		1		1		
164	177	76	40	1	3.37	4.37	2		0		0		
165	192	3	40	1	2.98	3.98	2		0		0		
166	153	43	40	1	2.14	3.14	0		2		0		
167	120	114	40	1	3.92	4.92	1		1		0		
170	134	99	40	1	3.42	4.42	0		0		2		
173	144	57	30	1	2.20	3.20	0		2		0		
174	143	50	30	1	2.03	3.03	0		1		1		
177	189	40	10	1	2.94	3.94	0		1		1		
178	128	2	40	1	1.50	2.50	1		1		0		
180	109	49	30	1	1.26	2.26	1		1		0		
181	198	81	40	1	3.94	4.94	1		0		1		
183	80	18	30	1	0.24	1.24	1		0		1		
184	165	38	40	1	2.36	3.36	0		0		2		
186	211	61	30	1	3.75	4.75	1		1		0		
188	198	76	30	1	3.81	4.81	1		0		1		
190	120	98	10	1	3.17	4.17	2		0		0		
191	161	33	10	1	2.22	3.22	0		2		0		
193	218	100	40	1	4.78	5.78	0		2		0		
194	220	131	20	1	5.91	6.00	0		1		1		
195	120	106	40	1	3.54	4.54	0		1		1		
198	152	8	20	1	2.00	3.00	1		1		0		
199	143	12	20	1	1.76	2.76	0		0		2		
200	243	125	20	1	5.83	6.00	0		2		0		
201	142	83	10	1	2.92	3.92	1		1		0		
203	124	72	20	1	2.21	3.21	2		0		0		
204	151	98	40	1	3.65	4.65	0		1		1		
208	88	45	10	1	0.72	1.72	2		0		0		
209	69	28	30	1	0.01	1.01	0		0		2		
210	141	42	10	1	1.85	2.85	1		1		0		
211	141	41	20	1	1.84	2.84	0		0		2		
212	201	73	40	1	3.79	4.79	0		2		0		
214	228	89	30	1	4.92	5.92	0		0		2		
215	202	129	10	1	5.40	6.00	0		0		2		
219	70	80	20	1	1.67	2.67	2		0		0		
220	118	81	30	1	2.43	3.43	0		2		0		
223	71	25	30	1	0.04	1.04	0		1		1		
225	171	83	30	1	3.46	4.46	0		2		0		
229	92	47	10	1	0.85	1.85	1		1		0		
232	199	114	30	1	5.13	5.64	0		0		2		
234	71	40	10	1	0.24	1.24	1		0		1		
235	217	77	20	1	4.23	5.23	2		0		0		
236	220	35	40	1	3.62	4.62	2		0		0		
237	183	79	40	1	3.86	4.58	0		1		1		
239	127	64	20	1	2.02	3.02	0		2		0		
240	207	117	20	1	5.09	5.90	1		0		1		
241	175	136	30	1	5.24	6.00	0		0		2		
242	89	62	40	1	1.23	2.23	0		0		2		
243	157	67	30	1	2.72	3.72	1		0		1		
245	127	72	10	1	2.27	3.27	0		2		0		
248	116	102	20	1	3.30	4.30	2		0		0		
249	169	78	40	1	3.27	4.27	2		0		0		
250	193	39	10	1	3.02	4.02	0		2		0		
252	189	98	10	1	4.30	5.22	0		1		1		
253	105	9	30	1	0.88	1.88	1		1		0		
256	95	44	30	1	0.85	1.85	0		0		2		
258	68	45	20	1	0.29	1.29	2		0		0		
259	212	124	30	1	5.94	6.00	0		2		0		
260	220	67	40	1	4.07	5.07	0		0		2		
261	172	155	40	1	5.73	6.00	1		0		1		
262	165	139	40	1	5.65	6.00	1		0		1		
264	228	36	10	1	3.82	4.82	1		0		1		
265	72	41	30	1	0.28	1.28	0		1		1		
266	106	11	10	1	0.89	1.89	0		1		1		
269	187	62	30	1	3.24	4.24	0		1		1		
270	218	35	10	1	3.58	4.58	0		2		0		
271	178	96	20	1	4.32	5.03	0		1		1		
273	124	70	30	1	2.15	3.15	2		0		0		
274	206	109	40	1	4.93	5.70	1		1		0		
275	75	73	20	1	1.42	2.42	1		1		0		
