1	211	84	20	1	4.37	5.29	2		0		0		
2	178	141	40	1	5.28	6.00	1		0		1		
3	205	68	10	1	3.76	4.76	1		0		1		
5	158	4	40	1	2.17	3.17	1		0		1		
6	107	58	10	1	1.45	2.45	0		0		2		
8	239	61	20	1	4.38	5.38	0		1		1		
10	90	73	10	1	1.65	2.65	2		0		0		
12	107	59	30	1	1.48	2.48	1		1		0		
17	164	149	20	1	5.89	6.00	1		1		0		
18	224	117	40	1	5.55	6.00	0		1		1		
19	238	124	30	1	5.73	6.00	0		0		2		
20	58	47	10	1	0.15	1.15	0		1		1		
21	62	62	30	1	0.76	1.76	2		0		0		
22	109	59	40	1	1.52	2.52	2		0		0		
24	62	45	30	1	0.17	1.17	2		0		0		
25	207	125	20	1	5.27	6.00	1		0		1		
27	98	41	10	1	0.86	1.86	0		2		0		
29	188	139	30	1	5.96	6.00	2		0		0		
30	127	41	30	1	1.51	2.51	0		2		0		
31	105	57	40	1	1.38	2.38	0		1		1		
34	238	110	40	1	5.42	6.00	1		0		1		
35	202	63	30	1	3.59	4.59	0		0		2		
37	209	64	10	1	3.76	4.76	0		2		0		
40	209	113	10	1	5.00	5.88	2		0		0		
41	132	104	20	1	3.61	4.61	1		0		1		
44	152	81	20	1	3.04	4.04	0		1		1		
45	165	2	30	1	2.36	3.36	2		0		0		
46	77	26	40	1	0.19	1.19	0		2		0		
47	81	70	30	1	1.39	2.39	1		0		1		
48	92	73	10	1	1.69	2.69	1		1		0		
52	232	100	10	1	5.16	6.00	0		0		2		
53	223	81	10	1	4.46	5.46	1		0		1		
54	67	69	10	1	1.13	2.13	0		1		1		
57	103	84	30	1	2.31	3.31	1		1		0		
59	74	79	40	1	1.68	2.68	1		0		1		
60	61	61	30	1	0.70	1.70	1		1		0		
61	112	62	30	1	1.67	2.67	2		0		0		
62	77	80	30	1	1.76	2.76	2		0		0		
63	119	103	40	1	3.39	4.39	0		1		1		
64	215	69	40	1	4.00	5.00	1		1		0		
65	166	151	40	1	5.85	6.00	2		0		0		
66	127	100	40	1	3.36	4.36	0		2		0		
67	73	23	20	1	0.08	1.08	0		2		0		
70	175	119	30	1	4.88	5.88	2		0		0		
71	65	68	30	1	1.06	2.06	0		2		0		
75	75	22	20	1	0.12	1.12	1		0		1		
76	112	14	40	1	1.01	2.01	1		1		0		
77	201	2	40	1	3.20	4.20	2		0		0		
79	66	62	40	1	0.82	1.82	1		0		1		
80	121	106	20	1	3.55	4.55	1		1		0		
81	214	59	30	1	3.78	4.78	0		2		0		
83	214	55	30	1	3.71	4.71	1		1		0		
84	63	65	20	1	0.90	1.90	0		2		0		
87	124	6	10	1	1.36	2.36	1		0		1		
89	70	74	20	1	1.39	2.39	0		0		2		
91	73	74	20	1	1.44	2.44	1		1		0		
93	219	90	10	1	4.58	5.58	1		0		1		
99	127	104	20	1	3.54	4.54	0		0		2		
102	162	10	40	1	2.22	3.22	2		0		0		
105	207	123	40	1	5.23	6.00	1		1		0		
107	71	70	40	1	1.23	2.23	1		0		1		
108	220	57	40	1	3.88	4.88	1		0		1		
109	118	113	20	1	3.85	4.85	2		0		0		
110	190	1	30	1	2.95	3.95	0		0		2		
111	187	126	40	1	5.73	5.83	0		2		0		
112	109	58	20	1	1.49	2.49	1		1		0		
114	176	27	30	1	2.54	3.54	0		1		1		
118	74	77	20	1	1.59	2.59	2		0		0		
120	215	49	40	1	3.65	4.65	0		2		0		
121	188	74	20	1	3.70	4.55	2		0		0		
125	86	72	10	1	1.55	2.55	0		1		1		
126	121	8	20	1	1.27	2.27	1		0		1		
127	78	41	20	1	0.41	1.41	0		2		0		
128	230	131	30	1	5.83	6.00	1		1		0		
131	210	64	30	1	3.79	4.79	1		1		0		
132	91	71	20	1	1.59	2.59	0		1		1		
133	207	68	10	1	3.80	4.80	2		0		0		
136	206	116	40	1	5.08	5.85	0		1		1		
137	184	5	30	1	2.77	3.77	2		0		0		
138	253	8	40	1	4.39	5.39	0		1		1		
139	79	25	10	1	0.23	1.23	0		2		0		
141	216	54	20	1	3.74	4.74	0		2		0		
142	125	100	40	1	3.33	4.33	0		1		1		
143	67	73	40	1	1.31	2.31	1		0		1		
145	143	62	10	1	2.30	3.30	1		0		1		
146	213	59	20	1	3.76	4.76	0		2		0		
149	110	58	20	1	1.51	2.51	0		2		0		
150	215	68	20	1	3.98	4.98	0		0		2		
153	150	44	20	1	2.08	3.08	1		1		0		
154	174	76	10	1	3.31	4.31	0		0		2		
156	131	68	30	1	2.22	3.22	0		2		0		
162	127	101	20	1	3.40	4.40	2		0		0		
163	124	97	10	1	3.18	4.18	0		2		0		
164	216	56	10	1	3.77	4.77	0		1		1		
165	114	61	30	1	1.68	2.68	1		1		0		
166	70	66	40	1	1.05	2.05	1		0		1		
167	90	71	30	1	1.57	2.57	1		0		1		
168	72	73	30	1	1.38	2.38	0		0		2		
170	243	117	20	1	5.66	6.00	0		0		2		
171	212	53	30	1	3.64	4.64	0		2		0		
172	125	97	30	1	3.20	4.20	1		0		1		
174	74	61	20	1	0.92	1.92	2		0		0		
176	230	86	30	1	4.85	5.85	1		1		0		
181	133	65	20	1	2.17	3.17	0		2		0		
182	205	62	30	1	3.64	4.64	1		0		1		
183	63	68	30	1	1.03	2.03	0		0		2		
188	89	77	10	1	1.80	2.80	0		0		2		
190	193	62	30	1	3.37	4.37	0		0		2		
191	214	53	40	1	3.68	4.68	1		0		1		
192	139	79	40	1	2.73	3.73	0		1		1		
195	86	66	30	1	1.31	2.31	0		2		0		
196	114	35	10	1	1.14	2.14	0		0		2		
197	110	64	10	1	1.69	2.69	0		1		1		
198	157	31	30	1	2.11	3.11	0		2		0		
202	151	81	10	1	3.02	4.02	0		1		1		
203	79	40	40	1	0.42	1.42	2		0		0		
206	88	69	20	1	1.46	2.46	1		1		0		
207	209	67	40	1	3.83	4.83	0		2		0		
208	176	0	40	1	2.63	3.63	0		2		0		
211	122	97	10	1	3.16	4.16	1		0		1		
212	179	8	20	1	2.63	3.63	0		2		0		
214	211	70	20	1	3.94	4.94	1		1		0		
217	61	66	20	1	0.91	1.91	2		0		0		
218	106	54	10	1	1.32	2.32	1		1		0		
222	140	37	40	1	1.76	2.76	0		2		0		
224	222	20	40	1	3.62	4.62	0		0		2		
225	75	73	10	1	1.42	2.42	0		2		0		
228	219	134	20	1	5.99	6.00	0		0		2		
229	215	56	30	1	3.75	4.75	1		0		1		
230	121	101	40	1	3.32	4.32	1		1		0		
231	214	91	30	1	4.54	5.54	0		2		0		
232	165	52	10	1	2.56	3.56	1		0		1		
235	116	104	30	1	3.39	4.39	2		0		0		
236	103	57	30	1	1.34	2.34	0		0		2		
237	104	87	10	1	2.46	3.46	0		0		2		
239	70	43	10	1	0.29	1.29	1		1		0		
241	63	61	10	1	0.73	1.73	0		2		0		
243	126	66	10	1	2.06	3.06	2		0		0		
244	94	13	30	1	0.59	1.59	0		0		2		
245	212	65	40	1	3.85	4.85	1		0		1		
