270
0	150	150	0	0	0.00	20.00	0.00	20.00	0.00	20.00	0.00	20.00	0		0		0		
1	162	193	30	1	0.00	20.00	6.87	7.87	8.33	9.33	0.00	20.00	2		0		0		
2	199	87	40	1	4.13	5.06	4.06	5.06	0.00	20.00	4.13	5.13	0		2		0		
3	143	199	40	1	0.00	20.00	8.00	9.00	0.00	20.00	0.00	20.00	1		1		0		
4	230	172	10	1	0.00	20.00	7.06	8.06	6.58	7.58	6.72	7.72	1		0		1		
5	159	259	10	1	0.00	20.00	8.33	9.33	0.00	20.00	0.00	20.00	1		0		1		
6	186	274	30	1	0.00	20.00	8.05	9.05	0.00	20.00	0.00	20.00	0		0		2		
7	231	57	30	1	4.13	5.13	0.00	20.00	0.00	20.00	4.13	5.13	2		0		0		
8	247	168	40	1	0.00	20.00	0.00	20.00	7.22	8.22	6.84	7.84	0		0		2		
9	84	69	20	1	1.40	2.40	0.00	20.00	0.00	20.00	0.00	20.00	0		2		0		
10	116	60	10	1	1.69	2.69	0.00	20.00	0.00	20.00	0.00	20.00	0		0		2		
11	180	194	10	1	0.00	20.00	6.38	7.38	7.40	8.40	0.00	20.00	1		1		0		
12	240	227	20	1	0.00	20.00	0.00	20.00	8.07	9.07	7.98	8.98	1		0		1		
13	160	192	40	1	0.00	20.00	6.93	7.93	8.45	9.45	0.00	20.00	2		0		0		
14	234	154	40	1	0.00	20.00	0.00	20.00	6.34	7.34	6.34	7.34	2		0		0		
15	115	104	20	1	3.38	4.38	0.00	20.00	0.00	20.00	0.00	20.00	1		0		1		
16	159	211	10	1	0.00	20.00	7.36	8.36	0.00	20.00	0.00	20.00	0		1		1		
17	149	117	20	1	4.43	5.43	0.00	20.00	0.00	20.00	4.43	5.43	2		0		0		
18	159	0	30	1	2.24	3.24	0.00	20.00	0.00	20.00	0.00	20.00	1		1		0		
19	209	31	20	1	3.34	4.34	0.00	20.00	0.00	20.00	0.00	20.00	2		0		0		
20	212	274	10	1	0.00	20.00	8.35	9.35	0.00	20.00	0.00	20.00	0		0		2		
21	152	59	10	1	2.41	3.41	0.00	20.00	0.00	20.00	0.00	20.00	0		0		2		
22	222	217	20	1	0.00	20.00	7.52	8.52	7.36	8.36	7.74	8.74	1		0		1		
23	250	176	20	1	0.00	20.00	0.00	20.00	7.53	8.53	7.09	8.09	2		0		0		
24	109	1	20	1	1.07	2.07	0.00	20.00	0.00	20.00	0.00	20.00	1		0		1		
25	208	253	20	1	0.00	20.00	7.80	8.80	8.05	9.05	0.00	20.00	1		0		1		
26	212	238	20	1	0.00	20.00	7.59	8.59	7.72	8.72	8.35	9.35	2		0		0		
27	150	196	20	1	0.00	20.00	7.52	8.52	0.00	20.00	0.00	20.00	1		1		0		
28	77	67	10	1	1.20	2.20	0.00	20.00	0.00	20.00	0.00	20.00	0		2		0		
29	212	255	40	1	0.00	20.00	7.95	8.95	8.09	9.09	0.00	20.00	0		2		0		
30	232	179	20	1	0.00	20.00	7.31	8.31	6.79	7.79	6.87	7.87	0		0		2		
31	255	168	40	1	0.00	20.00	0.00	20.00	0.00	20.00	7.08	8.08	0		0		2		
32	165	187	40	1	0.00	20.00	6.63	7.63	8.04	9.04	0.00	20.00	0		1		1		
33	143	189	40	1	0.00	20.00	7.82	8.82	0.00	20.00	0.00	20.00	1		1		0		
34	172	75	30	1	3.24	4.24	0.00	20.00	0.00	20.00	0.00	20.00	0		0		2		
35	175	19	10	1	2.50	3.50	0.00	20.00	0.00	20.00	0.00	20.00	1		0		1		
36	265	159	20	1	0.00	20.00	0.00	20.00	0.00	20.00	7.33	8.33	2		0		0		
37	250	174	30	1	0.00	20.00	0.00	20.00	7.50	8.50	7.05	8.05	0		2		0		
38	147	19	10	1	1.83	2.83	0.00	20.00	0.00	20.00	0.00	20.00	0		0		2		
39	188	158	40	1	0.00	20.00	5.53	6.53	6.35	7.35	0.00	20.00	0		0		2		
40	114	96	20	1	3.00	4.00	0.00	20.00	0.00	20.00	0.00	20.00	2		0		0		
41	235	58	30	1	4.24	5.24	0.00	20.00	0.00	20.00	4.24	5.24	1		1		0		
42	140	86	40	1	3.00	4.00	0.00	20.00	0.00	20.00	0.00	20.00	2		0		0		
43	145	116	10	1	4.33	5.33	0.00	20.00	0.00	20.00	4.33	5.33	0		0		2		
44	184	23	10	1	2.72	3.72	0.00	20.00	0.00	20.00	0.00	20.00	1		1		0		
45	96	101	30	1	3.01	4.01	0.00	20.00	0.00	20.00	0.00	20.00	0		1		1		
46	208	92	40	1	4.55	5.46	0.00	20.00	4.55	5.55	4.46	5.46	0		2		0		
47	169	127	20	1	5.24	6.24	5.24	6.24	0.00	20.00	0.00	20.00	0		1		1		
48	147	15	20	1	1.84	2.84	0.00	20.00	0.00	20.00	0.00	20.00	0		0		2		
49	141	14	20	1	1.70	2.70	0.00	20.00	0.00	20.00	0.00	20.00	0		0		2		
50	231	230	30	1	0.00	20.00	8.22	9.22	7.83	8.83	7.98	8.98	1		1		0		
51	242	227	30	1	0.00	20.00	0.00	20.00	8.15	9.15	8.00	9.00	2		0		0		
52	149	6	10	1	1.94	2.94	0.00	20.00	0.00	20.00	0.00	20.00	0		0		2		
53	256	14	30	1	4.44	5.44	0.00	20.00	0.00	20.00	4.44	5.44	0		0		2		
54	217	231	30	1	0.00	20.00	7.61	8.61	7.60	8.60	8.11	9.11	1		0		1		
55	85	76	20	1	1.70	2.70	0.00	20.00	0.00	20.00	0.00	20.00	1		1		0		
56	143	12	20	1	1.76	2.76	0.00	20.00	0.00	20.00	0.00	20.00	0		1		1		
57	112	28	30	1	1.03	2.03	0.00	20.00	0.00	20.00	0.00	20.00	1		0		1		
58	200	274	10	1	0.00	20.00	8.11	9.11	0.00	20.00	0.00	20.00	0		0		2		
59	83	64	40	1	1.19	2.19	0.00	20.00	0.00	20.00	0.00	20.00	0		1		1		
60	253	216	30	1	0.00	20.00	0.00	20.00	8.47	9.47	8.02	9.02	2		0		0		
61	224	221	30	1	0.00	20.00	7.69	8.69	7.48	8.48	7.81	8.81	0		0		2		
62	149	224	10	1	0.00	20.00	8.11	9.11	0.00	20.00	0.00	20.00	1		0		1		
63	203	134	30	1	5.50	6.15	5.15	6.15	5.50	6.50	0.00	20.00	0		2		0		
64	211	239	40	1	0.00	20.00	7.58	8.58	7.74	8.74	8.40	9.40	2		0		0		
65	227	220	40	1	0.00	20.00	7.82	8.82	7.52	8.52	7.77	8.77	1		0		1		
66	269	197	30	1	0.00	20.00	0.00	20.00	0.00	20.00	8.27	9.27	0		0		2		
67	119	46	30	1	1.42	2.42	0.00	20.00	0.00	20.00	0.00	20.00	1		0		1		
68	248	55	30	1	4.49	5.49	0.00	20.00	0.00	20.00	4.49	5.49	0		1		1		
69	181	3	30	1	2.72	3.72	0.00	20.00	0.00	20.00	0.00	20.00	1		0		1		
70	167	124	30	1	5.26	6.26	5.26	6.26	0.00	20.00	0.00	20.00	0		2		0		
71	149	18	10	1	1.88	2.88	0.00	20.00	0.00	20.00	0.00	20.00	0		0		2		
72	135	49	40	1	1.83	2.83	0.00	20.00	0.00	20.00	0.00	20.00	0		0		2		
73	215	232	30	1	0.00	20.00	7.56	8.56	7.60	8.60	8.16	9.16	0		2		0		
74	137	196	20	1	0.00	20.00	8.35	9.35	0.00	20.00	0.00	20.00	1		0		1		
75	113	98	10	1	3.07	4.07	0.00	20.00	0.00	20.00	0.00	20.00	1		0		1		
76	194	66	10	1	3.48	4.48	0.00	20.00	0.00	20.00	0.00	20.00	0		2		0		
77	259	174	20	1	0.00	20.00	0.00	20.00	0.00	20.00	7.36	8.36	1		1		0		
78	214	66	20	1	3.91	4.91	0.00	20.00	3.91	4.91	3.91	4.91	0		2		0		
79	145	118	20	1	4.42	5.42	0.00	20.00	0.00	20.00	4.42	5.42	0		0		2		
80	186	72	40	1	3.45	4.45	0.00	20.00	0.00	20.00	0.00	20.00	0		1		1		
81	176	228	10	1	0.00	20.00	7.18	8.18	8.26	9.26	0.00	20.00	0		1		1		
82	216	238	40	1	0.00	20.00	7.72	8.72	7.74	8.74	8.27	9.27	1		1		0		
83	271	194	30	1	0.00	20.00	0.00	20.00	0.00	20.00	8.32	9.32	1		1		0		
84	140	10	40	1	1.70	2.70	0.00	20.00	0.00	20.00	0.00	20.00	0		0		2		
85	206	143	20	1	0.00	20.00	5.42	6.42	5.67	6.67	6.53	7.53	1		0		1		
86	132	3	40	1	1.58	2.58	0.00	20.00	0.00	20.00	0.00	20.00	0		2		0		
87	173	236	20	1	0.00	20.00	7.41	8.41	0.00	20.00	0.00	20.00	0		2		0		
88	213	235	10	1	0.00	20.00	7.56	8.56	7.66	8.66	8.27	9.27	2		0		0		
89	224	71	10	1	4.24	5.24	0.00	20.00	0.00	20.00	4.24	5.24	1		1		0		
90	78	64	20	1	1.10	2.10	0.00	20.00	0.00	20.00	0.00	20.00	0		0		2		
91	207	63	10	1	3.70	4.70	0.00	20.00	3.70	4.70	3.70	4.70	0		2		0		
92	169	129	30	1	5.28	6.28	5.28	6.28	0.00	20.00	0.00	20.00	0		1		1		
93	220	226	20	1	0.00	20.00	7.62	8.62	7.52	8.52	7.96	8.96	1		0		1		
94	212	30	30	1	3.40	4.40	0.00	20.00	0.00	20.00	0.00	20.00	1		0		1		
95	174	62	20	1	2.96	3.96	0.00	20.00	0.00	20.00	0.00	20.00	2		0		0		
96	223	226	30	1	0.00	20.00	7.75	8.75	7.57	8.57	7.92	8.92	1		1		0		
97	150	116	10	1	4.40	5.40	0.00	20.00	0.00	20.00	4.40	5.40	1		1		0		
98	232	60	10	1	4.20	5.20	0.00	20.00	0.00	20.00	4.20	5.20	0		1		1		
99	225	108	30	1	5.35	6.09	0.00	20.00	5.09	6.09	5.35	6.35	0		0		2		
100	115	103	40	1	3.33	4.33	0.00	20.00	0.00	20.00	0.00	20.00	1		1		0		
101	167	121	10	1	5.20	6.20	5.20	6.20	0.00	20.00	0.00	20.00	0		1		1		
102	135	90	30	1	3.07	4.07	0.00	20.00	0.00	20.00	0.00	20.00	0		0		2		
103	162	152	30	1	0.00	20.00	6.04	7.04	0.00	20.00	0.00	20.00	0		2		0		
104	157	79	20	1	3.07	4.07	0.00	20.00	0.00	20.00	0.00	20.00	0		0		2		
105	78	68	10	1	1.26	2.26	0.00	20.00	0.00	20.00	0.00	20.00	0		2		0		
106	201	125	20	1	5.33	5.91	4.91	5.91	5.33	6.33	0.00	20.00	1		0		1		
107	249	167	30	1	0.00	20.00	0.00	20.00	7.31	8.31	6.87	7.87	2		0		0		
108	139	190	30	1	0.00	20.00	8.11	9.11	0.00	20.00	0.00	20.00	0		1		1		
109	252	172	10	1	0.00	20.00	0.00	20.00	7.57	8.57	7.06	8.06	0		0		2		
110	157	24	10	1	2.08	3.08	0.00	20.00	0.00	20.00	0.00	20.00	1		1		0		
111	221	230	20	1	0.00	20.00	7.74	8.74	7.62	8.62	8.03	9.03	1		1		0		
112	236	192	20	1	0.00	20.00	7.80	8.80	7.20	8.20	7.18	8.18	1		1		0		
113	268	187	10	1	0.00	20.00	0.00	20.00	0.00	20.00	8.03	9.03	1		0		1		
114	106	57	20	1	1.40	2.40	0.00	20.00	0.00	20.00	0.00	20.00	2		0		0		
115	167	107	20	1	4.27	5.27	0.00	20.00	0.00	20.00	4.27	5.27	2		0		0		
116	168	96	10	1	3.86	4.86	0.00	20.00	3.86	4.86	3.86	4.86	0		0		2		
117	72	14	40	1	0.07	1.07	0.00	20.00	0.00	20.00	0.00	20.00	0		1		1		
118	241	117	20	1	5.62	6.62	0.00	20.00	0.00	20.00	5.62	6.62	1		0		1		
119	81	62	30	1	1.08	2.08	0.00	20.00	0.00	20.00	0.00	20.00	2		0		0		
120	140	6	30	1	1.73	2.73	0.00	20.00	0.00	20.00	0.00	20.00	1		1		0		
121	224	223	30	1	0.00	20.00	7.73	8.73	7.52	8.52	7.85	8.85	1		0		1		
122	166	177	10	1	0.00	20.00	6.38	7.38	7.79	8.79	0.00	20.00	1		0		1		
123	92	59	20	1	1.18	2.18	0.00	20.00	0.00	20.00	0.00	20.00	0		2		0		
124	151	187	30	1	0.00	20.00	7.29	8.29	0.00	20.00	0.00	20.00	0		1		1		
125	203	264	40	1	0.00	20.00	7.93	8.93	8.31	9.31	0.00	20.00	1		1		0		
126	166	195	40	1	0.00	20.00	6.76	7.76	8.13	9.13	0.00	20.00	0		0		2		
127	108	2	20	1	1.04	2.04	0.00	20.00	0.00	20.00	0.00	20.00	2		0		0		
128	236	228	30	1	0.00	20.00	8.47	9.47	7.95	8.95	7.96	8.96	0		0		2		
129	166	187	40	1	0.00	20.00	6.59	7.59	7.98	8.98	0.00	20.00	1		0		1		
130	228	259	10	1	0.00	20.00	0.00	20.00	8.38	9.38	0.00	20.00	1		1		0		
131	208	183	20	1	0.00	20.00	6.32	7.32	6.52	7.52	7.29	8.29	2		0		0		
132	119	117	10	1	4.06	5.06	0.00	20.00	0.00	20.00	4.06	5.06	1		1		0		
133	246	134	10	1	0.00	20.00	0.00	20.00	0.00	20.00	6.09	7.09	0		0		2		
134	144	8	40	1	1.81	2.81	0.00	20.00	0.00	20.00	0.00	20.00	0		0		2		
135	113	112	20	1	3.74	4.74	0.00	20.00	3.74	4.74	3.74	4.74	0		2		0		
136	155	207	40	1	0.00	20.00	7.46	8.46	0.00	20.00	0.00	20.00	0		2		0		
137	161	90	40	1	3.51	4.51	0.00	20.00	3.51	4.51	3.51	4.51	0		0		2		
138	168	124	40	1	5.22	6.22	5.22	6.22	0.00	20.00	0.00	20.00	1		0		1		
139	165	96	40	1	3.80	4.80	0.00	20.00	3.80	4.80	3.80	4.80	1		0		1		
140	241	229	10	1	0.00	20.00	0.00	20.00	8.15	9.15	8.03	9.03	1		0		1		
141	219	148	20	1	0.00	20.00	6.01	7.01	5.83	6.83	6.29	7.29	2		0		0		
142	235	57	10	1	4.22	5.22	0.00	20.00	0.00	20.00	4.22	5.22	0		1		1		
143	170	247	10	1	0.00	20.00	7.72	8.72	0.00	20.00	0.00	20.00	0		0		2		
144	226	52	10	1	3.94	4.94	0.00	20.00	3.94	4.94	3.94	4.94	0		1		1		
145	217	227	40	1	0.00	20.00	7.53	8.53	7.51	8.51	8.02	9.02	0		2		0		
146	88	75	20	1	1.70	2.70	0.00	20.00	0.00	20.00	0.00	20.00	1		1		0		
147	216	275	40	1	0.00	20.00	8.49	9.49	0.00	20.00	0.00	20.00	0		1		1		
148	158	160	40	1	0.00	20.00	6.39	7.39	0.00	20.00	0.00	20.00	0		0		2		
149	84	64	20	1	1.21	2.21	0.00	20.00	0.00	20.00	0.00	20.00	0		0		2		
150	190	119	40	1	5.48	5.67	4.67	5.67	5.48	6.48	0.00	20.00	0		1		1		
151	159	13	40	1	2.13	3.13	0.00	20.00	0.00	20.00	0.00	20.00	1		0		1		
152	144	118	10	1	4.41	5.41	0.00	20.00	0.00	20.00	4.41	5.41	1		1		0		
153	149	114	10	1	4.30	5.30	0.00	20.00	0.00	20.00	4.30	5.30	1		0		1		
154	179	177	30	1	0.00	20.00	6.03	7.03	7.10	8.10	0.00	20.00	0		1		1		
155	157	216	20	1	0.00	20.00	7.55	8.55	0.00	20.00	0.00	20.00	1		1		0		
156	233	181	30	1	0.00	20.00	7.41	8.41	6.87	7.87	6.92	7.92	2		0		0		
157	167	195	10	1	0.00	20.00	6.72	7.72	8.07	9.07	0.00	20.00	1		0		1		
158	238	94	20	1	5.08	6.08	0.00	20.00	0.00	20.00	5.08	6.08	2		0		0		
159	199	272	30	1	0.00	20.00	8.05	9.05	0.00	20.00	0.00	20.00	1		1		0		
160	234	87	20	1	4.88	5.88	0.00	20.00	0.00	20.00	4.88	5.88	1		0		1		
161	191	251	30	1	0.00	20.00	7.54	8.54	8.23	9.23	0.00	20.00	2		0		0		
162	119	86	40	1	2.65	3.65	0.00	20.00	0.00	20.00	0.00	20.00	1		1		0		
163	103	40	30	1	0.95	1.95	0.00	20.00	0.00	20.00	0.00	20.00	1		0		1		
164	158	9	30	1	2.13	3.13	0.00	20.00	0.00	20.00	0.00	20.00	0		0		2		
165	230	52	10	1	4.03	5.03	0.00	20.00	0.00	20.00	4.03	5.03	0		2		0		
166	207	280	30	1	0.00	20.00	8.35	9.35	0.00	20.00	0.00	20.00	0		2		0		
167	160	193	40	1	0.00	20.00	6.95	7.95	8.46	9.46	0.00	20.00	0		2		0		
168	208	10	10	1	3.31	4.31	0.00	20.00	0.00	20.00	0.00	20.00	2		0		0		
169	248	20	30	1	4.24	5.24	0.00	20.00	0.00	20.00	4.24	5.24	0		2		0		
170	138	200	10	1	0.00	20.00	8.35	9.35	0.00	20.00	0.00	20.00	1		1		0		
171	208	65	10	1	3.76	4.76	0.00	20.00	3.76	4.76	3.76	4.76	0		0		2		
172	110	38	10	1	1.08	2.08	0.00	20.00	0.00	20.00	0.00	20.00	1		0		1		
173	162	97	30	1	3.79	4.79	0.00	20.00	3.79	4.79	3.79	4.79	0		1		1		
174	239	5	40	1	4.07	5.07	0.00	20.00	0.00	20.00	4.07	5.07	1		0		1		
175	170	126	20	1	5.19	6.19	5.19	6.19	0.00	20.00	0.00	20.00	1		1		0		
176	157	46	20	1	2.28	3.28	0.00	20.00	0.00	20.00	0.00	20.00	1		0		1		
177	257	167	40	1	0.00	20.00	0.00	20.00	0.00	20.00	7.13	8.13	0		2		0		
178	220	234	20	1	0.00	20.00	7.78	8.78	7.70	8.70	8.13	9.13	1		1		0		
179	240	229	40	1	0.00	20.00	0.00	20.00	8.11	9.11	8.02	9.02	1		1		0		
180	222	227	10	1	0.00	20.00	7.73	8.73	7.57	8.57	7.95	8.95	1		0		1		
181	209	216	20	1	0.00	20.00	7.04	8.04	7.24	8.24	7.96	8.96	0		0		2		
182	250	166	20	1	0.00	20.00	0.00	20.00	0.00	20.00	6.88	7.88	2		0		0		
183	206	179	20	1	0.00	20.00	6.18	7.18	6.45	7.45	7.27	8.27	0		1		1		
184	224	239	20	1	0.00	20.00	8.05	9.05	7.87	8.87	8.20	9.20	2		0		0		
185	112	99	30	1	3.11	4.11	0.00	20.00	0.00	20.00	0.00	20.00	2		0		0		
186	141	200	30	1	0.00	20.00	8.15	9.15	0.00	20.00	0.00	20.00	2		0		0		
187	165	44	20	1	2.43	3.43	0.00	20.00	0.00	20.00	0.00	20.00	2		0		0		
188	136	196	30	1	0.00	20.00	8.43	9.43	0.00	20.00	0.00	20.00	1		1		0		
189	97	68	20	1	1.58	2.58	0.00	20.00	0.00	20.00	0.00	20.00	2		0		0		
190	127	34	20	1	1.43	2.43	0.00	20.00	0.00	20.00	0.00	20.00	2		0		0		
191	209	54	30	1	3.58	4.58	0.00	20.00	3.58	4.58	3.58	4.58	1		0		1		
192	224	162	20	1	0.00	20.00	6.53	7.53	6.22	7.22	6.53	7.53	0		2		0		
193	163	150	10	1	5.96	6.96	5.96	6.96	0.00	20.00	0.00	20.00	0		0		2		
194	213	232	20	1	0.00	20.00	7.49	8.49	7.59	8.59	8.20	9.20	0		0		2		
195	126	34	40	1	1.40	2.40	0.00	20.00	0.00	20.00	0.00	20.00	0		2		0		
196	191	66	40	1	3.41	4.41	0.00	20.00	0.00	20.00	0.00	20.00	1		1		0		
197	213	181	30	1	0.00	20.00	6.43	7.43	6.48	7.48	7.12	8.12	0		2		0		
198	166	97	10	1	3.86	4.86	0.00	20.00	3.86	4.86	3.86	4.86	2		0		0		
199	147	115	10	1	4.31	5.31	0.00	20.00	0.00	20.00	4.31	5.31	0		1		1		
200	239	223	20	1	0.00	20.00	0.00	20.00	7.95	8.95	7.88	8.88	0		1		1		
201	163	98	20	1	3.85	4.85	0.00	20.00	3.85	4.85	3.85	4.85	0		1		1		
202	81	81	20	1	1.86	2.86	0.00	20.00	0.00	20.00	0.00	20.00	1		0		1		
203	235	59	10	1	4.25	5.25	0.00	20.00	0.00	20.00	4.25	5.25	1		0		1		
204	168	258	20	1	0.00	20.00	8.01	9.01	0.00	20.00	0.00	20.00	1		0		1		
205	183	18	40	1	2.69	3.69	0.00	20.00	0.00	20.00	0.00	20.00	2		0		0		
206	234	193	10	1	0.00	20.00	7.70	8.70	7.15	8.15	7.18	8.18	0		2		0		
207	236	234	10	1	0.00	20.00	0.00	20.00	8.07	9.07	8.09	9.09	0		1		1		
208	233	55	20	1	4.15	5.15	0.00	20.00	0.00	20.00	4.15	5.15	1		1		0		
209	144	200	10	1	0.00	20.00	7.95	8.95	0.00	20.00	0.00	20.00	0		0		2		
210	202	8	30	1	3.18	4.18	0.00	20.00	0.00	20.00	0.00	20.00	1		1		0		
211	141	198	10	1	0.00	20.00	8.11	9.11	0.00	20.00	0.00	20.00	0		0		2		
212	170	207	10	1	0.00	20.00	6.88	7.88	8.13	9.13	0.00	20.00	1		0		1		
213	85	72	20	1	1.53	2.53	0.00	20.00	0.00	20.00	0.00	20.00	0		0		2		
214	164	98	30	1	3.86	4.86	0.00	20.00	3.86	4.86	3.86	4.86	0		2		0		
215	159	190	10	1	0.00	20.00	6.94	7.94	0.00	20.00	0.00	20.00	1		0		1		
216	229	260	30	1	0.00	20.00	0.00	20.00	8.42	9.42	0.00	20.00	0		2		0		
217	131	80	20	1	2.62	3.62	0.00	20.00	0.00	20.00	0.00	20.00	0		0		2		
218	112	101	10	1	3.20	4.20	0.00	20.00	0.00	20.00	0.00	20.00	0		0		2		
219	238	231	40	1	0.00	20.00	0.00	20.00	8.08	9.08	8.04	9.04	2		0		0		
220	205	170	10	1	0.00	20.00	5.96	6.96	6.26	7.26	7.12	8.12	1		0		1		
221	151	6	30	1	1.99	2.99	0.00	20.00	0.00	20.00	0.00	20.00	1		0		1		
222	148	12	20	1	1.88	2.88	0.00	20.00	0.00	20.00	0.00	20.00	1		0		1		
223	176	65	30	1	3.07	4.07	0.00	20.00	0.00	20.00	0.00	20.00	2		0		0		
224	168	192	20	1	0.00	20.00	6.62	7.62	7.95	8.95	0.00	20.00	0		0		2		
225	211	234	20	1	0.00	20.00	7.48	8.48	7.63	8.63	8.29	9.29	0		0		2		
226	58	60	10	1	0.61	1.61	0.00	20.00	0.00	20.00	0.00	20.00	0		2		0		
227	86	70	10	1	1.47	2.47	0.00	20.00	0.00	20.00	0.00	20.00	0		0		2		
228	140	8	30	1	1.71	2.71	0.00	20.00	0.00	20.00	0.00	20.00	1		0		1		
229	229	121	20	1	5.61	6.48	0.00	20.00	5.48	6.48	5.61	6.61	1		1		0		
230	149	15	40	1	1.89	2.89	0.00	20.00	0.00	20.00	0.00	20.00	1		1		0		
231	257	163	20	1	0.00	20.00	0.00	20.00	0.00	20.00	7.05	8.05	1		1		0		
232	225	227	40	1	0.00	20.00	7.86	8.86	7.63	8.63	7.93	8.93	1		0		1		
233	71	6	10	1	0.13	1.13	0.00	20.00	0.00	20.00	0.00	20.00	0		1		1		
234	156	243	10	1	0.00	20.00	8.14	9.14	0.00	20.00	0.00	20.00	2		0		0		
235	177	19	10	1	2.55	3.55	0.00	20.00	0.00	20.00	0.00	20.00	1		0		1		
236	162	50	20	1	2.45	3.45	0.00	20.00	0.00	20.00	0.00	20.00	1		1		0		
237	116	55	40	1	1.55	2.55	0.00	20.00	0.00	20.00	0.00	20.00	1		0		1		
238	176	230	20	1	0.00	20.00	7.22	8.22	8.30	9.30	0.00	20.00	0		2		0		
239	246	167	30	1	0.00	20.00	0.00	20.00	7.14	8.14	6.79	7.79	0		1		1		
240	140	200	30	1	0.00	20.00	8.21	9.21	0.00	20.00	0.00	20.00	0		1		1		
241	236	52	10	1	4.17	5.17	0.00	20.00	0.00	20.00	4.17	5.17	0		1		1		
242	161	188	10	1	0.00	20.00	6.81	7.81	8.31	9.31	0.00	20.00	2		0		0		
243	233	58	40	1	4.19	5.19	0.00	20.00	0.00	20.00	4.19	5.19	2		0		0		
244	76	20	10	1	0.14	1.14	0.00	20.00	0.00	20.00	0.00	20.00	1		1		0		
245	271	199	40	1	0.00	20.00	0.00	20.00	0.00	20.00	8.42	9.42	0		1		1		
246	216	97	20	1	4.69	5.69	0.00	20.00	4.69	5.69	0.00	20.00	0		1		1		
247	136	59	20	1	2.07	3.07	0.00	20.00	0.00	20.00	0.00	20.00	0		2		0		
248	138	199	20	1	0.00	20.00	8.34	9.34	0.00	20.00	0.00	20.00	2		0		0		
249	160	189	40	1	0.00	20.00	6.87	7.87	0.00	20.00	0.00	20.00	0		0		2		
250	81	77	10	1	1.68	2.68	0.00	20.00	0.00	20.00	0.00	20.00	1		0		1		
251	162	94	40	1	3.68	4.68	0.00	20.00	3.68	4.68	3.68	4.68	1		0		1		
252	203	117	30	1	5.13	5.79	4.79	5.79	5.13	6.13	0.00	20.00	0		0		2		
253	176	37	10	1	2.60	3.60	0.00	20.00	0.00	20.00	0.00	20.00	0		0		2		
254	173	228	40	1	0.00	20.00	7.24	8.24	8.39	9.39	0.00	20.00	2		0		0		
255	266	196	40	1	0.00	20.00	0.00	20.00	0.00	20.00	8.11	9.11	2		0		0		
256	254	213	10	1	0.00	20.00	0.00	20.00	8.47	9.47	7.98	8.98	0		1		1		
257	114	102	20	1	3.27	4.27	0.00	20.00	0.00	20.00	0.00	20.00	1		0		1		
258	220	257	40	1	0.00	20.00	8.25	9.25	8.19	9.19	0.00	20.00	2		0		0		
259	250	170	10	1	0.00	20.00	0.00	20.00	7.42	8.42	6.96	7.96	0		1		1		
260	133	113	20	1	4.03	5.03	0.00	20.00	0.00	20.00	4.03	5.03	1		1		0		
261	246	163	10	1	0.00	20.00	0.00	20.00	7.07	8.07	6.71	7.71	0		2		0		
262	238	197	30	1	0.00	20.00	8.03	9.03	7.38	8.38	7.30	8.30	0		1		1		
263	220	118	40	1	5.63	6.20	0.00	20.00	5.20	6.20	5.63	6.63	1		0		1		
264	213	239	40	1	0.00	20.00	7.64	8.64	7.74	8.74	8.35	9.35	0		2		0		
265	153	239	40	1	0.00	20.00	8.19	9.19	0.00	20.00	0.00	20.00	0		0		2		
266	236	60	30	1	4.29	5.29	0.00	20.00	0.00	20.00	4.29	5.29	2		0		0		
267	163	100	10	1	3.92	4.92	0.00	20.00	3.92	4.92	3.92	4.92	0		2		0		
268	189	60	30	1	3.24	4.24	0.00	20.00	0.00	20.00	0.00	20.00	0		1		1		
269	145	117	20	1	4.38	5.38	0.00	20.00	0.00	20.00	4.38	5.38	0		0		2		
