0	150	150	0	0	0.00	20.00	0		0		0		
1	220	117	40	1	5.60	6.00	1		0		1		
2	177	134	40	1	5.15	6.00	0		1		1		
4	152	9	30	1	1.99	2.99	1		0		1		
5	88	34	10	1	0.52	1.52	1		1		0		
8	193	125	10	1	5.51	5.81	1		0		1		
14	151	93	40	1	3.45	4.45	0		0		2		
16	89	4	10	1	0.57	1.57	0		0		2		
17	213	46	20	1	3.56	4.56	1		1		0		
18	125	99	40	1	3.29	4.29	0		1		1		
19	187	32	20	1	2.82	3.82	0		2		0		
21	224	18	20	1	3.67	4.67	1		1		0		
23	157	11	40	1	2.10	3.10	1		0		1		
24	177	5	20	1	2.61	3.61	0		2		0		
27	179	94	20	1	4.25	4.98	1		0		1		
29	200	78	30	1	3.90	4.90	0		0		2		
31	108	75	40	1	2.03	3.03	2		0		0		
35	81	48	10	1	0.64	1.64	0		0		2		
36	113	41	30	1	1.20	2.20	2		0		0		
38	126	89	30	1	2.88	3.88	2		0		0		
39	164	26	20	1	2.25	3.25	2		0		0		
43	150	108	10	1	4.05	5.05	0		2		0		
45	212	117	40	1	5.79	6.00	0		1		1		
47	216	91	30	1	4.56	5.56	0		0		2		
49	143	94	30	1	3.36	4.36	0		2		0		
52	193	66	30	1	3.46	4.46	1		0		1		
54	231	112	20	1	5.41	6.00	2		0		0		
55	230	58	10	1	4.12	5.12	0		1		1		
57	170	11	30	1	2.40	3.40	0		1		1		
58	141	102	10	1	3.65	4.65	0		2		0		
60	178	99	20	1	4.38	5.14	1		0		1		
61	122	22	30	1	1.24	2.24	0		2		0		
62	117	97	10	1	3.08	4.08	1		0		1		
65	89	28	30	1	0.48	1.48	0		0		2		
66	106	50	40	1	1.22	2.22	0		0		2		
67	164	57	30	1	2.63	3.63	0		2		0		
68	155	79	30	1	3.03	4.03	0		1		1		
70	65	4	30	1	0.03	1.03	0		1		1		
71	177	125	30	1	4.96	5.96	0		1		1		
72	195	29	20	1	3.00	4.00	1		1		0		
75	150	70	30	1	2.66	3.66	2		0		0		
76	236	40	10	1	4.04	5.04	1		1		0		
78	129	63	10	1	2.03	3.03	2		0		0		
80	207	54	30	1	3.54	4.54	0		1		1		
81	176	50	20	1	2.77	3.77	1		0		1		
83	158	112	20	1	4.34	5.34	0		2		0		
84	82	59	30	1	0.99	1.99	2		0		0		
85	162	83	20	1	3.29	4.29	0		2		0		
89	136	38	20	1	1.68	2.68	0		2		0		
96	108	73	30	1	1.96	2.96	0		1		1		
98	109	57	30	1	1.46	2.46	0		1		1		
104	172	70	30	1	3.11	4.11	1		1		0		
105	200	102	30	1	4.85	5.40	0		1		1		
106	207	120	40	1	5.16	5.96	0		2		0		
107	107	37	40	1	1.00	2.00	1		0		1		
113	171	113	20	1	4.88	5.88	0		0		2		
114	154	66	30	1	2.63	3.63	1		0		1		
119	216	61	20	1	3.86	4.86	1		1		0		
121	251	50	40	1	4.49	5.49	1		0		1		
124	194	29	20	1	2.97	3.97	2		0		0		
127	117	28	40	1	1.14	2.14	0		1		1		
128	134	97	20	1	3.33	4.33	1		0		1		
129	170	95	10	1	3.86	4.86	0		1		1		
135	214	53	30	1	3.68	4.68	0		0		2		
136	134	54	40	1	1.91	2.91	0		2		0		
137	196	18	20	1	3.00	4.00	2		0		0		
138	216	47	10	1	3.64	4.64	0		0		2		
140	97	45	40	1	0.91	1.91	1		1		0		
141	192	136	40	1	5.77	6.00	0		0		2		
142	97	34	10	1	0.73	1.73	2		0		0		
147	83	72	10	1	1.50	2.50	1		0		1		
148	231	47	40	1	3.99	4.99	0		1		1		
150	186	120	40	1	4.71	5.71	1		0		1		
151	72	50	40	1	0.51	1.51	1		0		1		
152	201	134	10	1	5.52	6.00	1		0		1		
153	177	121	40	1	4.87	5.87	1		1		0		
154	97	84	20	1	2.22	3.22	0		1		1		
155	92	59	30	1	1.18	2.18	2		0		0		
156	148	81	10	1	2.96	3.96	0		1		1		
157	86	62	40	1	1.17	2.17	0		2		0		
160	234	24	40	1	3.91	4.91	1		0		1		
161	119	110	30	1	3.72	4.72	2		0		0		
162	162	76	10	1	3.07	4.07	1		1		0		
165	167	54	40	1	2.64	3.64	0		1		1		
170	102	77	30	1	2.01	3.01	0		2		0		
171	234	26	20	1	3.91	4.91	0		2		0		
172	236	6	40	1	3.99	4.99	1		0		1		
175	220	38	40	1	3.65	4.65	1		1		0		
176	202	120	10	1	5.21	5.83	0		2		0		
180	170	94	20	1	3.82	4.82	2		0		0		
181	117	59	20	1	1.68	2.68	1		0		1		
182	194	120	40	1	5.37	5.71	0		1		1		
6	184	244	20	1	7.42	8.42	1		1		0		
9	214	204	10	1	6.94	7.94	2		0		0		
10	162	200	15	1	7.01	8.01	1		0		1		
11	183	226	10	1	7.03	8.03	0		2		0		
13	199	146	15	1	6.00	6.33	0		1		1		
15	195	201	15	1	6.48	7.48	1		1		0		
20	211	141	10	1	6.00	6.53	1		0		1		
25	238	215	20	1	8.35	9.35	0		1		1		
28	167	149	15	1	6.00	6.77	0		0		2		
30	223	148	15	1	6.21	7.21	0		1		1		
32	196	150	5	1	6.00	6.38	0		1		1		
33	219	227	10	1	7.60	8.60	0		1		1		
40	225	215	20	1	7.62	8.62	0		0		2		
41	164	246	5	1	7.88	8.88	1		1		0		
42	170	271	10	1	8.23	9.23	1		1		0		
44	162	239	15	1	7.81	8.81	0		2		0		
46	173	178	5	1	6.18	7.18	0		2		0		
48	224	151	20	1	6.32	7.32	1		0		1		
50	152	175	20	1	7.00	8.00	1		0		1		
51	152	191	5	1	7.31	8.31	0		2		0		
53	138	192	20	1	8.21	9.21	2		0		0		
56	179	253	20	1	7.67	8.67	1		0		1		
59	207	145	15	1	6.00	6.49	0		2		0		
63	170	237	20	1	7.51	8.51	1		1		0		
64	177	243	20	1	7.48	8.48	0		0		2		
69	191	248	20	1	7.48	8.48	1		0		1		
73	187	241	20	1	7.33	8.33	1		0		1		
77	145	180	15	1	7.52	8.52	1		1		0		
82	223	171	10	1	6.66	7.66	0		0		2		
88	209	236	10	1	7.46	8.46	1		1		0		
90	207	197	15	1	6.59	7.59	1		1		0		
91	173	174	10	1	6.10	7.10	1		1		0		
92	219	197	20	1	6.99	7.99	0		1		1		
94	226	255	5	1	8.47	9.47	0		2		0		
95	207	130	10	1	6.00	6.17	2		0		0		
97	190	161	10	1	6.00	6.59	2		0		0		
99	216	143	15	1	6.00	6.77	2		0		0		
100	208	138	15	1	6.00	6.37	0		0		2		
101	187	149	5	1	6.00	6.33	0		2		0		
102	154	161	15	1	6.62	7.62	0		2		0		
103	204	204	10	1	6.67	7.67	0		0		2		
109	145	183	5	1	7.58	8.58	0		2		0		
111	139	188	20	1	8.07	9.07	1		1		0		
112	223	173	5	1	6.70	7.70	0		1		1		
115	184	179	15	1	6.01	7.01	0		1		1		
116	190	212	15	1	6.70	7.70	1		1		0		
117	181	275	10	1	8.12	9.12	1		0		1		
118	220	192	10	1	6.93	7.93	2		0		0		
122	210	231	20	1	7.38	8.38	2		0		0		
123	239	191	5	1	7.99	8.99	0		2		0		
125	160	142	5	1	6.00	6.94	0		2		0		
126	145	198	10	1	7.85	8.85	0		0		2		
130	207	206	20	1	6.78	7.78	1		0		1		
131	173	243	15	1	7.56	8.56	0		0		2		
132	167	220	5	1	7.24	8.24	1		1		0		
133	173	225	20	1	7.18	8.18	0		2		0		
134	217	190	5	1	6.77	7.77	0		1		1		
139	166	231	15	1	7.50	8.50	1		0		1		
143	183	186	10	1	6.17	7.17	0		1		1		
144	159	252	10	1	8.19	9.19	2		0		0		
145	176	272	5	1	8.12	9.12	1		1		0		
146	224	177	10	1	6.82	7.82	1		0		1		
164	219	198	5	1	7.01	8.01	0		2		0		
166	157	253	15	1	8.29	9.29	1		1		0		
168	239	211	15	1	8.34	9.34	0		2		0		
169	228	240	5	1	8.26	9.26	0		0		2		
173	224	198	15	1	7.24	8.24	0		0		2		
174	180	159	5	1	6.00	6.63	1		1		0		
178	200	218	5	1	6.90	7.90	0		0		2		
179	169	220	15	1	7.18	8.18	1		1		0		
183	175	243	5	1	7.52	8.52	2		0		0		
184	217	142	5	1	6.00	6.79	0		0		2		
