15
158	224	160	0	1	0	7.1699
301	167	187	0	1	1	7.43052
187	181	214	1	0	1	7.72909
306	155	183	0	1	0	7.05683
198	153	178	0	2	0	7.00797
5	228	180	1	0	1	7.88321
119	165	210	1	1	0	7.75817
250	169	220	0	1	1	7.74453
179	151	186	2	0	0	8.25314
115	150	184	2	0	0	7.59524
125	233	175	0	0	2	8.28652
12	184	240	1	1	0	7.73808
52	160	214	0	1	1	8.26617
299	186	198	1	0	0	7.05929
214	188	201	0	0	2	7.23111

nv	9	9	9

Vehicles departing from depots at the previous stage:
299	186	198	1	0	0	7.05929
214	188	201	0	0	2	7.23111
