13
89	200	141	1	1	0	6.61133
159	196	136	0	1	1	6.61378
120	206	161	0	2	0	6.91351
200	203	168	0	0	2	7.22129
93	193	160	0	1	1	6.93226
104	239	143	1	1	0	7.03572
4	189	160	0	0	2	7.09871
57	199	175	0	2	0	7.01187
85	192	168	1	0	1	6.85574
153	195	109	2	0	0	5.16497
189	219	105	1	0	0	5.78898
86	201	133	1	0	1	5.86005
183	244	35	1	0	0	5.18414

nv	8	8	8

Vehicles departing from depots at the previous stage:
153	195	109	2	0	0	5.16497
189	219	105	1	0	0	5.78898
86	201	133	1	0	1	5.86005
183	244	35	1	0	0	5.18414
