14
24	250	136	0	1	0	6.57619
184	243	156	0	2	0	7.46355
111	216	157	0	2	0	7.5099
185	250	157	0	0	2	7.48606
174	257	147	1	1	0	7.66311
67	207	155	0	0	2	7.31861
254	228	173	0	2	0	7.66401
282	230	176	2	0	0	7.64155
213	228	176	2	0	0	7.68063
214	202	149	1	0	1	7.24252
226	219	182	0	0	2	7.69234
139	220	108	2	0	0	5.95465
143	239	109	0	0	2	5.83599
154	217	110	1	1	0	5.78109

nv	9	9	9

Vehicles departing from depots at the previous stage:
139	220	108	2	0	0	5.95465
143	239	109	0	0	2	5.83599
154	217	110	1	1	0	5.78109
